PS D:\PSU Courses\2020 stuff\ML\ass1>  & 'C:\Users\james\AppData\Local\Microsoft\WindowsApps\python.exe' 'c:\Users\james\.vscode\extensions\ms-python.python-2020.6.91350\pythonFiles\lib\python\debugpy\launcher' '62466' '--' 'd:\PSU Courses\2020 stuff\ML\ass1\mnist_perc.py'


Training Accuracy values per Epoch (0.00001): 
[0.10326667 0.44013333 0.68596667 0.7457     0.77653333 0.79418333
 0.80701667 0.81598333 0.82315    0.82863333 0.83265    0.83655
 0.84011667 0.84273333 0.84588333 0.84856667 0.85056667 0.85256667
 0.85403333 0.85601667 0.85753333 0.85845    0.85985    0.86106667
 0.8621     0.86318333 0.8641     0.86501667 0.86601667 0.86696667
 0.86773333 0.86823333 0.86893333 0.86931667 0.86991667 0.87023333
 0.87083333 0.8711     0.8716     0.87213333 0.87245    0.87326667
 0.87355    0.87395    0.87443333 0.87475    0.8754     0.8757
 0.87608333 0.8764     0.8769    ]


Training Accuracy values per Epoch (0.001): 
[0.04648333 0.84568333 0.87206667 0.8752     0.87485    0.87771667
 0.87701667 0.87688333 0.87811667 0.87936667 0.87965    0.8786
 0.8794     0.87903333 0.87946667 0.88058333 0.88106667 0.88015
 0.8784     0.88111667 0.88041667 0.88078333 0.8804     0.8814
 0.88093333 0.88136667 0.88186667 0.88025    0.88185    0.88108333
 0.88138333 0.88056667 0.88225    0.8822     0.88203333 0.88175
 0.88193333 0.88241667 0.88238333 0.88341667 0.88145    0.88295
 0.88156667 0.88261667 0.88095    0.88123333 0.88173333 0.88251667
 0.88275    0.8818     0.88263333]


Training Accuracy values per Epoch (0.1): 
[0.12246667 0.84636667 0.8674     0.87201667 0.87133333 0.87431667
 0.87531667 0.87545    0.87551667 0.87703333 0.87771667 0.87825
 0.87851667 0.87758333 0.87831667 0.8798     0.87805    0.87973333
 0.87975    0.87973333 0.88063333 0.88053333 0.8802     0.87911667
 0.88066667 0.88056667 0.87958333 0.88091667 0.8815     0.8812
 0.88223333 0.88105    0.88111667 0.88276667 0.88191667 0.88163333
 0.88118333 0.88168333 0.88138333 0.88126667 0.88166667 0.88255
 0.88226667 0.88281667 0.88196667 0.88215    0.88191667 0.8827
 0.88238333 0.88325    0.88256667]


Validation Accuracy values per Epoch (0.00001): 
[0.1047619  0.1047619  0.10238095 0.0952381  0.10238095 0.10238095
 0.09761905 0.1        0.1        0.09285714 0.09047619 0.08809524
 0.08571429 0.08571429 0.08571429 0.08571429 0.08571429 0.08333333
 0.08571429 0.08809524 0.08809524 0.08809524 0.08809524 0.08809524
 0.08809524 0.08809524 0.08809524 0.08809524 0.08809524 0.08809524
 0.08809524 0.08571429 0.08571429 0.08571429 0.08333333 0.08571429
 0.08809524 0.09047619 0.09285714 0.0952381  0.09761905 0.09761905
 0.09761905 0.09761905 0.09761905 0.09761905 0.09761905 0.09761905
 0.09761905 0.09761905 0.10238095]


Validation Accuracy values per Epoch (0.001): 
[0.10238095 0.08333333 0.08333333 0.10238095 0.10952381 0.11904762
 0.11190476 0.10952381 0.10952381 0.1        0.11904762 0.1047619
 0.10238095 0.0952381  0.10238095 0.11190476 0.08809524 0.11190476
 0.09761905 0.10952381 0.0952381  0.1        0.08571429 0.09761905
 0.08809524 0.0952381  0.10238095 0.09285714 0.08571429 0.09761905
 0.10714286 0.08333333 0.11190476 0.09761905 0.09285714 0.1
 0.08571429 0.09285714 0.1        0.09761905 0.09761905 0.1
 0.09047619 0.09761905 0.09047619 0.0952381  0.09285714 0.08809524
 0.08571429 0.08809524 0.09285714]


Validation Accuracy values per Epoch (0.1): 
[0.1        0.10952381 0.11428571 0.12380952 0.09761905 0.12380952
 0.09047619 0.13571429 0.09285714 0.10238095 0.12857143 0.0952381
 0.12142857 0.1047619  0.11190476 0.08571429 0.10238095 0.09285714
 0.08809524 0.1047619  0.0952381  0.09285714 0.09761905 0.09761905
 0.1        0.10238095 0.08809524 0.11666667 0.09761905 0.10952381
 0.1        0.10952381 0.0952381  0.1        0.0952381  0.0952381
 0.09285714 0.07619048 0.10714286 0.08809524 0.08809524 0.08095238
 0.09047619 0.09761905 0.0952381  0.08809524 0.10238095 0.09047619
 0.08571429 0.10238095 0.09047619]

Confusion Matrix 0.00001
[[ 1.  3.  4.  2.  7.  0.  3.  5.  2.  2.]
 [ 3.  6.  4.  8.  6.  6.  4.  1.  7.  1.]
 [ 4.  1.  5.  1.  3.  3.  1. 14.  1.  8.]
 [ 2. 12.  5.  4.  6.  4.  1.  3.  6.  4.]
 [ 2.  4.  7.  3.  6.  4.  5.  3.  0.  6.]
 [ 3.  3.  1.  2.  3.  5.  1.  7.  0.  5.]
 [ 6.  4.  7.  7.  4.  6.  6.  2.  4.  3.]
 [ 4.  7.  6.  1.  1.  2.  1.  3.  1.  9.]
 [ 0. 14.  3.  3.  6.  4.  2.  1.  4.  2.]
 [ 9.  6.  5.  6.  5. 10. 10.  6.  4.  3.]]

Confusion Matrix 0.001
[[ 3.  6.  2.  5.  2.  2.  2.  8.  2.  3.]
 [ 7.  9.  7.  4.  5.  6.  2.  3.  2.  6.]
 [ 2.  3.  1.  2.  6.  6.  4.  6.  5.  1.]
 [ 2.  5.  2.  2.  8.  8.  4.  3.  6.  4.]
 [ 2.  7.  7.  4.  6.  5.  3.  3.  1.  8.]
 [ 1.  4.  3.  1.  6.  1.  2.  3.  2.  5.]
 [ 5.  4.  6.  4.  4.  4.  5.  6.  2.  7.]
 [ 2.  3.  7.  3.  1.  2.  4.  5.  4.  4.]
 [ 4. 12.  6.  6.  4.  4.  3.  4.  1.  2.]
 [ 6.  7.  6.  6.  5.  6.  5.  4.  4.  3.]]

Confusion Matrix 0.1
[[ 3.  8.  2.  5.  1.  2.  2.  8.  2.  3.]
 [ 5. 13.  8.  5.  4.  7.  3.  5.  2.  8.]
 [ 2.  3.  2.  1.  6.  8.  2.  6.  6.  1.]
 [ 2.  6.  3.  2.  7.  8.  4.  4.  7.  4.]
 [ 4.  6.  6.  5.  6.  2.  2.  2.  1.  8.]
 [ 1.  6.  3.  1.  6.  1.  2.  3.  1.  5.]
 [ 4.  4.  5.  3.  5.  4.  7.  5.  2.  5.]
 [ 2.  2.  7.  3.  1.  2.  4.  5.  4.  4.]
 [ 4.  8.  5.  6.  5.  4.  3.  3.  0.  2.]
 [ 7.  4.  6.  6.  6.  6.  5.  4.  4.  3.]]