PS D:\PSU Courses\2020 stuff\ML\ass1>  cd 'd:\PSU Courses\2020 stuff\ML\ass1'; & 'C:\Users\james\AppData\Local\Microsoft\WindowsApps\python.exe' 'c:\Users\james\.vscode\extensions\ms-python.python-2020.6.91350\pythonFiles\lib\python\debugpy\launcher' '57324' '--' 'd:\PSU Courses\2020 stuff\ML\ass1\mnist_perc.py'
Testing 0.00001

Accuracy values per Epoch (0.00001): 
[0.06666667 0.06666667 0.06666667 0.06666667 0.06666667 0.06666667
 0.06666667 0.06666667 0.06666667 0.06666667 0.06666667 0.06666667
 0.06666667 0.06666667 0.06666667 0.06666667 0.06666667 0.06666667
 0.06666667 0.06666667 0.06666667 0.06666667 0.06666667 0.06666667
 0.06666667 0.06666667 0.06666667 0.06666667 0.06666667 0.06666667
 0.06666667 0.06666667 0.06666667 0.06666667 0.06666667 0.06666667
 0.06666667 0.06666667 0.06666667 0.06666667 0.06666667 0.06666667
 0.06666667 0.06666667 0.06666667 0.06666667 0.06666667 0.06666667
 0.06666667 0.06666667]

Testing 0.001

Accuracy values per Epoch (0.001):
[0.06666667 0.06666667 0.06666667 0.13333333 0.2        0.4
 0.46666667 0.6        0.73333333 0.73333333 0.73333333 0.73333333
 0.86666667 1.         1.         1.         1.         1.
 1.         1.         1.         1.         1.         1.
 1.         1.         1.         1.         1.         1.
 1.         1.         1.         1.         1.         1.
 1.         1.         1.         1.         1.         1.
 1.         1.         1.         1.         1.         1.
 1.         1.        ]

Testing 0.1

Accuracy values per Epoch (0.1):
[0.06666667 1.         1.         1.         1.         1.
 1.         1.         1.         1.         1.         1.
 1.         1.         1.         1.         1.         1.
 1.         1.         1.         1.         1.         1.
 1.         1.         1.         1.         1.         1.
 1.         1.         1.         1.         1.         1.
 1.         1.         1.         1.         1.         1.
 1.         1.         1.         1.         1.         1.
 1.         1.        ]

PS D:\PSU Courses\2020 stuff\ML\ass1> 