PS D:\PSU Courses\2020 stuff\ML\ass1>  & 'C:\Users\james\AppData\Local\Microsoft\WindowsApps\python.exe' 'c:\Users\james\.vscode\extensions\ms-python.python-2020.6.91350\pythonFiles\lib\python\debugpy\launcher' '57893' '--' 'd:\PSU Courses\2020 stuff\ML\ass1\mnist_perc.py'

Testing 0.00001

Accuracy values per Epoch (0.00001): 
[0.09943333 0.0999     0.10026667 0.10093333 0.1016     0.10216667
 0.1027     0.10321667 0.10381667 0.10425    0.10475    0.10528333
 0.1059     0.10635    0.10686667 0.10741667 0.10788333 0.1083
 0.10885    0.10918333 0.10966667 0.11016667 0.11066667 0.11126667
 0.11191667 0.1124     0.11298333 0.11368333 0.11441667 0.1149
 0.11546667 0.11613333 0.1166     0.11705    0.11753333 0.11821667
 0.11878333 0.11926667 0.11988333 0.12045    0.12095    0.12128333
 0.12186667 0.12238333 0.12328333 0.12405    0.12453333 0.12526667
 0.12578333 0.1265    ]

Testing 0.001

Accuracy values per Epoch (0.001): 
[0.1005     0.15956667 0.23795    0.33418333 0.43835    0.54531667
 0.6469     0.73736667 0.81153333 0.86788333 0.91148333 0.94145
 0.96186667 0.97496667 0.98358333 0.98958333 0.99336667 0.99558333
 0.99728333 0.99836667 0.99886667 0.99933333 0.99955    0.9997
 0.9998     0.9999     0.99995    0.99996667 0.99998333 1.
 1.         1.         1.         1.         1.         1.
 1.         1.         1.         1.         1.         1.
 1.         1.         1.         1.         1.         1.
 1.         1.        ]

Testing 0.1

Accuracy values per Epoch (0.1):
[0.0983 1.     1.     1.     1.     1.     1.     1.     1.     1.
 1.     1.     1.     1.     1.     1.     1.     1.     1.     1.
 1.     1.     1.     1.     1.     1.     1.     1.     1.     1.
 1.     1.     1.     1.     1.     1.     1.     1.     1.     1.
 1.     1.     1.     1.     1.     1.     1.     1.     1.     1.    ]
 
 