PS D:\PSU Courses\2020 stuff\ML\ass1>
PS D:\PSU Courses\2020 stuff\ML\ass1>  cd 'd:\PSU Courses\2020 stuff\ML\ass1'; & 'C:\Users\james\AppData\Local\Microsoft\WindowsApps\python.exe' 'c:\Users\james\.vscode\extensions\ms-python.python-2020.6.91350\pythonFiles\lib\python\debugpy\launcher' '57420' '--' 'd:\PSU Courses\2020 stuff\ML\ass1\mnist_perc.py'
Testing 0.00001

Accuracy values per Epoch (0.00001): 
[0.0952381  0.0952381  0.0952381  0.09761905 0.09761905 0.09761905
 0.09761905 0.09761905 0.09761905 0.09761905 0.09761905 0.09761905
 0.1        0.1        0.1        0.10238095 0.10238095 0.10238095
 0.10238095 0.10238095 0.10238095 0.10238095 0.10238095 0.10238095
 0.10238095 0.1047619  0.10714286 0.10952381 0.10952381 0.10952381
 0.10952381 0.10952381 0.11428571 0.11428571 0.11428571 0.11428571
 0.11428571 0.11428571 0.11428571 0.11666667 0.11666667 0.11904762
 0.11904762 0.11904762 0.11904762 0.12142857 0.12380952 0.12380952
 0.12619048 0.12857143]

Testing 0.001

Accuracy values per Epoch (0.001): 
[0.1047619  0.16666667 0.25       0.32619048 0.42380952 0.54285714
 0.65238095 0.73095238 0.8047619  0.86666667 0.89285714 0.92619048
 0.94761905 0.97142857 0.98333333 0.99047619 0.9952381  0.99761905
 0.99761905 1.         1.         1.         1.         1.
 1.         1.         1.         1.         1.         1.
 1.         1.         1.         1.         1.         1.
 1.         1.         1.         1.         1.         1.
 1.         1.         1.         1.         1.         1.
 1.         1.        ]

Testing 0.1

Accuracy values per Epoch (0.1): 
[0.11666667 1.         1.         1.         1.         1.
 1.         1.         1.         1.         1.         1.
 1.         1.         1.         1.         1.         1.
 1.         1.         1.         1.         1.         1.
 1.         1.         1.         1.         1.         1.
 1.         1.         1.         1.         1.         1.
 1.         1.         1.         1.         1.         1.
 1.         1.         1.         1.         1.         1.
 1.         1.        ]

PS D:\PSU Courses\2020 stuff\ML\ass1> 