PS C:\Users\james\OneDrive\Documents\ML\ass4>  & 'C:\Users\james\AppData\Local\Microsoft\WindowsApps\python.exe' 'c:\Users\james\.vscode\extensions\ms-python.python-2020.8.101144\pythonFiles\lib\python\debugpy\launcher' '63381' '--' 'c:\Users\james\OneDrive\Documents\ML\ass4\optdigits_kmeans.py'
Iteration 0
Mean Squared Error:  [498.65463464 675.32573342 360.1042524  652.21991382 588.02469136
 672.1857232  491.64133143 555.6940238  641.58659864 342.13210885
 564.94886927 727.95568073 588.82652975 466.0178125  441.73619835
 669.97764629 593.57853256 626.50884298 725.69419764 393.17857143
 459.50404576 597.4888546  428.52885318 645.3812435  738.14949846
 424.66666667 335.61974498 688.28613078 714.42226454 598.60536332]
Average Mean Squared Error:  563.5548186274046
Mean Squared Separation:  1384.4268967940202
Entropy per Cluster:  [ 0.56080315  1.02754125  0.28490585  0.8815508   0.99964375  1.58714328
  0.17628983  1.48891323  1.25927935  0.3615523   1.40627408  1.10541571
  0.78047169  0.82832575  0.30540057  1.05116471  0.76272489  1.39858047
  1.61771584  0.37123233  0.18488504 -0.          0.48043346  0.69192789
  1.62521507  0.51191005  0.0888797   1.04436715  2.36363077  0.67115708]
Average Entropy:  0.8639111668912374

Iteration 1
Mean Squared Error:  [436.97589407 496.27258825 316.06410764 558.71318988 547.09809757
 602.56391527 449.32453912 454.95740741 551.73117523 285.11858771
 510.29679448 529.3212426  551.97410251 402.61213563 438.68731509
 733.68261505 492.30537396 578.72885429 733.83811679 423.70242215
 433.88713833 539.4303227  366.8712522  701.33299952 761.54801633
 386.64020164 333.94450229 652.02183114 526.36883008 551.7927527 ]
Average Mean Squared Error:  511.5935440536135
Mean Squared Separation:  1453.5345616121544
Entropy per Cluster:  [ 0.21348269  0.09964716 -0.          0.34842206  0.83290184  1.52025574
 -0.          1.01400728  0.32866494 -0.          1.04079976  0.11467551
  0.62367439  0.48441324  0.31287909  1.70608469  0.1683633   1.12678074
  1.1035364   0.19143325  0.09054385  0.24593241  0.3199238   0.85337282
  1.72364323  0.366368   -0.          1.19890138  1.80299935  0.37050154]
Average Entropy:  0.6067402822956723

Iteration 2
Mean Squared Error:  [442.47059418 472.35779607 303.74302552 535.05575253 520.26188425
 529.90540362 418.87122085 445.71401086 562.75249324 280.89657064
 451.95732862 512.88995838 550.28054949 391.62479485 447.06443222
 747.49600813 475.08778722 567.13168065 732.98165761 466.2558452
 427.63345566 501.39585288 374.69544005 726.38712076 772.52326706
 389.07142857 343.94118202 577.38538462 510.58642618 515.36383057]
Average Mean Squared Error:  499.7927394165905
Mean Squared Separation:  1463.3676525090566
Entropy per Cluster:  [ 0.20377046  0.0959704  -0.          0.13334     0.70345328  1.23527811
 -0.          0.94878861  0.14862626 -0.          0.76728019 -0.
  0.55725909  0.38910926  0.24437204  1.78072748  0.07526827  0.93110118
  1.05224046  0.12068101  0.10679203  0.34706713  0.28503262  1.02028523
  1.72640631  0.31482772 -0.          1.24777353  1.57854468  0.43408975]
Average Entropy:  0.5482695035767798

Iteration 3
Mean Squared Error:  [440.85571116 473.77239481 298.67966047 539.58502975 509.09
 520.5745679  414.03893608 433.70485261 564.98849003 278.30061983
 431.24914966 524.09238108 551.69162306 378.99125709 448.30012094
 775.20930233 473.20190083 568.70415225 725.36728279 470.66534418
 430.81624143 508.54357027 373.85288047 721.14325125 726.85644706
 394.15888889 363.21879287 539.27810651 507.80251479 481.45503689]
Average Mean Squared Error:  495.6062835746626
Mean Squared Separation:  1472.3138293185552
Entropy per Cluster:  [ 0.20632314  0.0989591  -0.          0.04273269  0.65627182  0.88636448
 -0.          0.92599298  0.14695119 -0.          0.58758673 -0.
  0.55417266  0.23725462  0.23478023  2.03996895  0.07470434  0.95444506
  0.95729837  0.10679203  0.2369755   0.32423668  0.28503262  1.15850939
  1.65048863  0.35335934  0.15155817  1.17460934  1.39973192  0.33682838]
Average Entropy:  0.5260642782382

Iteration 4
Mean Squared Error:  [440.4394197  484.13525904 295.27097751 541.48318012 508.40768
 526.75821022 423.28814374 433.37763814 567.13703651 277.92820397
 419.26375381 526.70827348 549.33916805 387.93592491 452.366592
 800.36938886 471.18962355 550.91383198 677.06231281 483.11883629
 401.56084656 499.66005495 369.13857143 719.20561397 699.56613573
 432.41036629 367.79631409 529.80980973 511.19161523 457.52404959]
Average Mean Squared Error:  493.4785610745684
Mean Squared Separation:  1482.8980285792018
Entropy per Cluster:  [ 0.24415206  0.09844697 -0.          0.04175262  0.6391936   0.66003095
  0.06549082  0.8670955   0.14531656 -0.          0.4109881  -0.
  0.5084304   0.22373642  0.23028557  2.20289079  0.07642429  0.69156488
  0.87860949  0.0989591   0.25069298  0.22754873  0.29459765  1.1844329
  1.51240334  0.47218938  0.15272138  1.11932745  1.39703436  0.40317228]
Average Entropy:  0.5032496198493168

Iteration 5
Mean Squared Error:  [437.80132378 484.36728408 295.30698529 539.9442963  505.66538462
 534.56360947 421.57393515 440.46745868 569.36511894 279.99626886
 413.73406881 526.34147448 544.47214286 392.44434833 454.31396863
 817.40816609 471.33006657 534.96452346 618.98848073 486.0858766
 378.93868056 508.05502653 364.08554244 705.36045369 691.04583132
 436.31775701 366.14530612 531.06435663 511.77339502 446.49922902]
Average Mean Squared Error:  490.28067866830787
Mean Squared Separation:  1494.2309452253426
Entropy per Cluster:  [ 0.2462207   0.09947705 -0.          0.04112562  0.62305535  0.53076609
  0.06634398  0.91258932  0.18556775 -0.          0.35095896 -0.
  0.47658007  0.21844196  0.227392    2.23879681  0.07823247  0.455935
  0.67489931  0.09054385  0.19161833  0.33475494  0.30489516  1.20511643
  1.48022092  0.53364392  0.15510691  1.10514423  1.40065232  0.41842463]
Average Entropy:  0.48821680134855744

Iteration 6
Mean Squared Error:  [442.33218195 484.36728408 294.48855967 540.99061728 502.71825651
 541.82684949 422.80354167 445.27383953 571.28866456 280.27216696
 413.38307447 524.02694025 538.9219898  400.34122449 463.84668438
 823.17521368 473.08266566 522.11941224 598.13225682 479.58027701
 359.63504155 510.112764   364.46969697 663.10148866 683.43320855
 430.18702129 361.09162352 526.83765625 509.89448908 449.58143467]
Average Mean Squared Error:  487.3772041680067
Mean Squared Separation:  1506.2079289130056
Entropy per Cluster:  [ 0.24415206  0.09947705 -0.          0.04112562  0.5568098   0.46400339
  0.06952965  0.88633303  0.21788867 -0.          0.35095896 -0.
  0.43917651  0.21341328  0.21916812  2.19354759  0.07885601  0.34350879
  0.76427528  0.08426243  0.12741851  0.36774505  0.30850571  1.05647569
  1.41185727  0.50019262  0.15633025  1.02591074  1.47812342  0.41527417]
Average Entropy:  0.47047732191687985

Iteration 7
Mean Squared Error:  [442.51950033 483.66377129 296.87245891 532.7555084  502.92373792
 547.18572249 429.68602528 435.20323313 570.15810487 281.3879269
 413.44429421 520.92369684 538.1747397  403.71673525 472.92893743
 829.6807889  472.94828912 508.7191468  583.84044398 483.46967456
 353.55564129 506.48155769 364.46969697 555.69713719 683.72525566
 416.8422314  357.45290273 518.64749543 525.3536352  469.81704401]
Average Mean Squared Error:  483.408177796322
Mean Squared Separation:  1517.9945126577697
Entropy per Cluster:  [ 0.27516375  0.10000094 -0.          0.04256592  0.55142782  0.39289897
  0.07099895  0.71236973  0.18694967 -0.          0.34115703 -0.
  0.43666163  0.20863029  0.21156702  2.17491692  0.07949044  0.43439482
  0.78499224  0.07823247  0.13303965  0.3732148   0.30850571  0.50548438
  1.38078663  0.43949699  0.15884084  0.96657984  1.57381494  0.44132118]
Average Entropy:  0.4454501189330873

Iteration 8
Mean Squared Error:  [444.25601979 499.86392957 300.17019896 522.13969988 491.17923554
 546.77371764 432.18645957 445.91584287 570.55917355 281.3879269
 414.1257417  548.09032207 541.33878716 403.01557108 477.21955636
 791.77273682 477.36236063 517.6866109  589.6037037  473.499733
 351.01170068 511.179375   364.46969697 470.14953512 671.20627735
 385.89480242 358.83306626 500.73528007 522.38746855 479.61149338]
Average Mean Squared Error:  479.45420078369784
Mean Squared Separation:  1527.6602240318416
Entropy per Cluster:  [ 0.27178752  0.13640409  0.06268265  0.04411928  0.51078782  0.35308442
  0.07150379  0.7018894   0.18764903 -0.          0.3319331  -0.
  0.46677308  0.20708737  0.26969437  2.08438508  0.07949044  0.65222748
  0.84682711 -0.          0.13605929  0.38167891  0.30850571 -0.
  1.33312864  0.23181305  0.1575747   0.79678754  1.63599602  0.4322044 ]
Average Entropy:  0.42306914349928537

Iteration 9
Mean Squared Error:  [446.3017252  497.36443951 300.17019896 516.56816718 495.15198262
 547.94242139 426.05897921 445.91584287 568.61880165 282.06537492
 417.0764414  563.44752231 540.05016428 402.41486626 482.09529321
 761.35402249 475.42554652 528.03455156 617.0749783  473.499733
 348.77764163 498.56083411 364.46969697 466.34732703 648.3868073
 381.3125     358.57670127 475.67541913 534.15974146 482.74863029]
Average Mean Squared Error:  478.1882117342629
Mean Squared Separation:  1531.7471604843645
Entropy per Cluster:  [ 0.26850012  0.13709948  0.06268265  0.04599532  0.50574089  0.41877638
 -0.          0.7018894   0.14585704 -0.          0.38730017 -0.
  0.42220502  0.20863029  0.32456901  1.79520268  0.08013605  0.7158147
  0.88882667 -0.          0.13815723  0.30736524  0.30850571 -0.
  1.35407575  0.18312207  0.15884084  0.6789539   1.632896    0.42635131]
Average Entropy:  0.40991646420310085

Iteration 10
Mean Squared Error:  [446.57755996 491.57952133 300.17019896 511.55747922 495.56334705
 549.93033247 430.04280809 445.91584287 570.05338843 282.39076652
 411.04576177 573.95755345 541.8181163  400.52892488 483.21971735
 731.95171598 479.00225468 525.02492431 637.19575177 486.42163923
 347.98235467 496.33723205 364.46969697 474.36390533 633.412608
 376.51667884 358.82854622 461.06615787 541.671415   488.69826389]
Average Mean Squared Error:  477.90981544925506
Mean Squared Separation:  1533.4918982912195
Entropy per Cluster:  [ 0.23719946  0.13780267  0.06268265  0.04741446  0.50325833  0.46723616
  0.07099895  0.7018894   0.14585704 -0.          0.31502074  0.12831913
  0.35998075  0.21179258  0.32640782  1.75711002  0.08013605  0.75486546
  0.98630243  0.07584151  0.14032727  0.26759019  0.30850571 -0.
  1.31416341  0.13016279  0.16012925  0.67920592  1.60981866  0.41788874]
Average Entropy:  0.4132635846201812

Iteration 11
Mean Squared Error:  [446.69427017 491.57952133 300.17019896 507.00655718 494.33607266
 551.51736472 430.04280809 448.25147959 569.07891829 282.39076652
 411.6484375  576.29661157 544.21053333 396.29239325 475.83637342
 720.30674556 480.412      524.25313581 647.53083031 496.15206612
 347.17212529 496.33723205 364.46969697 478.17725781 610.84846908
 380.17783888 358.82854622 461.34245562 544.38322741 494.2841978 ]
Average Mean Squared Error:  477.66760438464775
Mean Squared Separation:  1534.2840118299666
Entropy per Cluster:  [ 0.2362411   0.13780267  0.06268265  0.04870831  0.50080247  0.46434848
  0.07099895  0.71826899  0.1464019  -0.          0.22931907  0.13110653
  0.3580421   0.21673724  0.26664572  1.67634839  0.08079314  0.78424077
  0.91882219  0.07470434  0.14257333  0.26759019  0.30850571 -0.
  1.34170275  0.12565805  0.16012925  0.64889893  1.64782572  0.41244754]
Average Entropy:  0.40594488187281247

Iteration 12
Mean Squared Error:  [449.50586556 491.57952133 300.17019896 503.10213139 493.76869355
 551.349504   430.04280809 448.48850661 565.60714586 282.39076652
 423.83429164 572.73979767 545.4485744  393.73202614 475.49204082
 705.6359045  485.09152127 523.1936957  649.94158684 503.68486926
 347.81122449 499.53188692 373.32412564 481.89432676 582.42826629
 381.31772479 358.82854622 462.02515315 548.46926276 493.28515812]
Average Mean Squared Error:  477.4571708418955
Mean Squared Separation:  1535.7998268900062
Entropy per Cluster:  [ 0.23341577  0.13780267  0.06268265  0.0491567   0.49596907  0.42836605
  0.07099895  0.71483134  0.14695119 -0.          0.32731167  0.13303965
  0.34867934  0.21844196  0.2300334   1.54885688  0.16277535  0.75518132
  0.78794151  0.14709092  0.14372617  0.26617712  0.41581105 -0.
  1.32942772  0.12394987  0.16012925  0.65589881  1.61380965  0.41514868]
Average Entropy:  0.40412015652353

Iteration 13
Mean Squared Error:  [448.55238477 491.45260584 300.17019896 495.94177918 493.82443973
 558.26708984 430.04280809 446.74341837 564.76794883 282.39076652
 429.98214431 570.64150943 546.28552882 393.73202614 468.05641568
 695.75761395 485.09152127 523.1936957  628.54382271 508.41287493
 347.81122449 499.53188692 373.32412564 481.54436526 574.43728299
 381.31772479 363.95194156 465.14609375 566.29828402 487.77173611]
Average Mean Squared Error:  476.7661752871678
Mean Squared Separation:  1538.7460263654293
Entropy per Cluster:  [ 0.23249021  0.13851379  0.06268265  0.05031761  0.4935907   0.4815469
  0.07099895  0.71826899  0.14695119 -0.          0.30870005  0.1350362
  0.34508132  0.21844196  0.17520551  1.40609348  0.16277535  0.75518132
  0.59708028  0.14601824  0.14372617  0.26617712  0.41581105 -0.
  1.36548403  0.12394987  0.15884084  0.64175551  1.62469552  0.41788874]
Average Entropy:  0.3934434518988444

Iteration 14
Mean Squared Error:  [448.66511924 491.45260584 300.17019896 488.65289338 493.82443973
 559.9073373  430.04280809 446.74341837 565.36211178 282.39076652
 431.81746692 570.09587648 547.38697045 393.73202614 467.80727732
 681.71196191 480.57778009 523.1936957  618.85628396 516.27100189
 347.81122449 503.22909652 373.32412564 481.54436526 572.19742439
 381.31772479 363.95194156 457.53223254 571.9255333  487.77173611]
Average Mean Squared Error:  475.9755814891343
Mean Squared Separation:  1539.460793030289
Entropy per Cluster:  [ 0.198072    0.13851379  0.06268265  0.05104302  0.4935907   0.52194908
  0.07099895  0.71826899  0.14695119 -0.          0.34773469  0.13709948
  0.30420157  0.21844196  0.12842582  1.27181693  0.08214305  0.75518132
  0.59760716  0.1439229   0.14372617  0.30255703  0.41581105 -0.
  1.37682885  0.12394987  0.15884084  0.54925221  1.61634029  0.41788874]
Average Entropy:  0.38312800985088463

Iteration 15
Mean Squared Error:  [448.02498613 491.45260584 300.17019896 485.4851609  493.82443973
 564.08940828 430.04280809 446.74341837 565.36211178 282.39076652
 432.34487216 572.10890042 544.14745233 393.73202614 469.03386134
 675.0189529  480.57778009 523.1936957  610.30600189 516.27100189
 347.81122449 503.22909652 367.1402663  481.54436526 571.4337037
 381.31772479 363.95194156 458.29798448 578.61315918 487.77173611]
Average Mean Squared Error:  475.51438839560245
Mean Squared Separation:  1540.791879527334
Entropy per Cluster:  [ 0.19650665  0.13851379  0.06268265  0.05153929  0.4935907   0.55804476
  0.07099895  0.71826899  0.14695119 -0.          0.3408335   0.139233
  0.30577453  0.21844196  0.17736142  1.26522485  0.08214305  0.75518132
  0.53916735  0.1439229   0.14372617  0.30255703  0.33880874 -0.
  1.38624092  0.12394987  0.15884084  0.49806247  1.61407148  0.41788874]
Average Entropy:  0.37961757085470943

Iteration 16
Mean Squared Error:  [448.02498613 491.45260584 300.17019896 477.92694161 493.82443973
 564.08940828 430.04280809 446.74341837 565.36211178 282.39076652
 428.64769437 572.10890042 544.14745233 393.73202614 469.15011834
 676.28638894 480.57778009 523.1936957  612.91594404 516.27100189
 347.81122449 503.22909652 367.1402663  481.37547832 563.62835744
 381.31772479 363.95194156 459.94072841 581.00721893 487.77173611]
Average Mean Squared Error:  475.14108201495037
Mean Squared Separation:  1541.5500266594802
Entropy per Cluster:  [ 0.19650665  0.13851379  0.06268265  0.05256375  0.4935907   0.55804476
  0.07099895  0.71826899  0.14695119 -0.          0.33859929  0.139233
  0.30577453  0.21844196  0.17957585  1.22695675  0.08214305  0.75518132
  0.53477311  0.1439229   0.14372617  0.30255703  0.33880874 -0.
  1.39738536  0.12394987  0.15884084  0.49560172  1.6135094   0.41788874]
Average Entropy:  0.378499701892946

Iteration 17
Mean Squared Error:  [450.04523706 491.45260584 300.17019896 477.66482426 493.82443973
 567.04772449 430.04280809 446.74341837 563.5658434  282.39076652
 438.82193028 572.10890042 544.94149757 393.73202614 466.54312109
 673.32412886 480.57778009 523.1936957  613.23345936 516.27100189
 347.81122449 503.22909652 367.1402663  477.35123967 561.98097503
 381.31772479 363.95194156 461.04831839 576.65979004 484.62453217]
Average Mean Squared Error:  475.02701723610994
Mean Squared Separation:  1542.1749913762212
Entropy per Cluster:  [ 0.19573398  0.13851379  0.06268265  0.05256375  0.4935907   0.55494052
  0.07099895  0.71826899  0.14750498 -0.          0.39498303  0.139233
  0.30420157  0.21844196  0.1830127   1.21773872  0.08214305  0.75518132
  0.47565033  0.1439229   0.14372617  0.30255703  0.33880874 -0.
  1.40229113  0.12394987  0.15884084  0.49075939  1.5948904   0.37855633]
Average Entropy:  0.3761228925799088

Iteration 18
Mean Squared Error:  [450.04523706 491.45260584 300.17019896 478.27408004 493.82443973
 567.04772449 430.04280809 446.74341837 563.5658434  282.39076652
 432.62568577 572.10890042 544.94149757 393.73202614 467.54207609
 665.00556586 480.57778009 523.1936957  610.64026084 522.79741379
 347.81122449 503.22909652 367.1402663  475.02974966 561.81212842
 381.31772479 363.95194156 464.53146632 577.76272189 484.62453217]
Average Mean Squared Error:  474.7977625631316
Mean Squared Separation:  1542.653388932226
Entropy per Cluster:  [ 0.19573398  0.13851379  0.06268265  0.05230354  0.4935907   0.55494052
  0.07099895  0.71826899  0.14750498 -0.          0.30099607  0.139233
  0.30420157  0.21844196  0.18419037  1.20080601  0.08214305  0.75518132
  0.47961548  0.21418597  0.14372617  0.30255703  0.33880874 -0.
  1.40229113  0.12394987  0.15884084  0.48601975  1.58068285  0.37855633]
Average Entropy:  0.3742988534366473

Iteration 19
Mean Squared Error:  [450.04523706 491.45260584 300.17019896 481.20837181 493.82443973
 567.04772449 430.04280809 446.74341837 563.5658434  282.39076652
 432.62568577 572.10890042 548.06382813 393.73202614 467.54207609
 665.00556586 480.57778009 521.71699927 596.97639187 522.79741379
 347.81122449 503.22909652 367.1402663  467.65133787 563.90461091
 381.31772479 363.95194156 468.24542969 578.79516758 484.62453217]
Average Mean Squared Error:  474.4769804527133
Mean Squared Separation:  1544.1686987650553
Entropy per Cluster:  [ 0.19573398  0.13851379  0.06268265  0.05179135  0.4935907   0.55494052
  0.07099895  0.71826899  0.14750498 -0.          0.30099607  0.139233
  0.33983292  0.21844196  0.18419037  1.20080601  0.08214305  0.71763757
  0.48776821  0.21418597  0.14372617  0.30255703  0.33880874 -0.
  1.40147202  0.12394987  0.15884084  0.48368738  1.56670893  0.37855633]
Average Entropy:  0.3739189455545905

Iteration 20
Mean Squared Error:  [450.04523706 491.45260584 300.17019896 483.04118774 493.82443973
 567.04772449 430.04280809 446.74341837 563.5658434  282.39076652
 432.62568577 572.10890042 548.06382813 393.73202614 467.54207609
 663.47108726 480.57778009 521.71699927 598.60373346 522.79741379
 347.81122449 503.22909652 367.1402663  463.29286813 562.05702422
 381.31772479 363.95194156 468.24542969 578.79516758 484.62453217]
Average Mean Squared Error:  474.3343012022129
Mean Squared Separation:  1544.6564780943738
Entropy per Cluster:  [ 0.19573398  0.13851379  0.06268265  0.05104302  0.4935907   0.55494052
  0.07099895  0.71826899  0.14750498 -0.          0.30099607  0.139233
  0.33983292  0.21844196  0.18419037  1.18221259  0.08214305  0.71763757
  0.47565033  0.21418597  0.14372617  0.30255703  0.33880874 -0.
  1.4067191   0.12394987  0.15884084  0.48368738  1.56670893  0.37855633]
Average Entropy:  0.3730451933950712

Iteration 21
Mean Squared Error:  [450.04523706 491.45260584 300.17019896 478.75503574 493.82443973
 567.04772449 430.04280809 446.74341837 563.5658434  282.39076652
 432.62568577 572.10890042 548.06382813 393.73202614 467.54207609
 667.18030901 480.57778009 523.84723769 598.60373346 522.79741379
 347.81122449 503.22909652 367.1402663  459.70002941 561.35938345
 381.31772479 363.95194156 468.24542969 578.79516758 484.62453217]
Average Mean Squared Error:  474.24306215837953
Mean Squared Separation:  1544.7714562996962
Entropy per Cluster:  [ 0.19573398  0.13851379  0.06268265  0.05179135  0.4935907   0.55494052
  0.07099895  0.71826899  0.14750498 -0.          0.30099607  0.139233
  0.33983292  0.21844196  0.18419037  1.16368067  0.08214305  0.74193925
  0.47565033  0.21418597  0.14372617  0.30255703  0.33880874 -0.
  1.40208849  0.12394987  0.15884084  0.48368738  1.56670893  0.37855633]
Average Entropy:  0.37310810952059625

Iteration 22
Mean Squared Error:  [450.04523706 491.45260584 300.17019896 478.01276817 493.82443973
 567.04772449 427.00884364 446.74341837 563.5658434  282.39076652
 432.62568577 572.10890042 548.06382813 393.73202614 467.54207609
 664.44543064 480.57778009 525.19407407 597.46999653 526.31645847
 347.81122449 503.22909652 367.1402663  459.70002941 560.39474048
 381.31772479 363.95194156 468.24542969 578.79516758 484.62453217]
Average Mean Squared Error:  474.1182751840005
Mean Squared Separation:  1544.6256187846927
Entropy per Cluster:  [ 0.19573398  0.13851379  0.06268265  0.05204608  0.4935907   0.55494052
  0.07150379  0.71826899  0.14750498 -0.          0.30099607  0.139233
  0.33983292  0.21844196  0.18419037  1.20170378  0.08214305  0.77910464
  0.47175656  0.26626025  0.14372617  0.30255703  0.33880874 -0.
  1.40068627  0.12394987  0.15884084  0.48368738  1.56670893  0.37855633]
Average Entropy:  0.37719898835962684

Iteration 23
Mean Squared Error:  [450.04523706 491.45260584 300.17019896 473.86747463 493.82443973
 567.04772449 427.00884364 446.74341837 563.5658434  282.39076652
 432.62568577 572.10890042 548.06382813 393.73202614 467.54207609
 666.27546875 480.57778009 525.19407407 597.46999653 526.31645847
 347.81122449 503.22909652 367.1402663  459.70002941 560.30394808
 381.31772479 363.95194156 468.24542969 578.79516758 484.62453217]
Average Mean Squared Error:  474.0380735897791
Mean Squared Separation:  1544.7842145448512
Entropy per Cluster:  [ 0.19573398  0.13851379  0.06268265  0.05282677  0.4935907   0.55494052
  0.07150379  0.71826899  0.14750498 -0.          0.30099607  0.139233
  0.33983292  0.21844196  0.18419037  1.182807    0.08214305  0.77910464
  0.47175656  0.26626025  0.14372617  0.30255703  0.33880874 -0.
  1.39535435  0.12394987  0.15884084  0.48368738  1.56670893  0.37855633]
Average Entropy:  0.3764173881342007

Iteration 24
Mean Squared Error:  [450.04523706 491.45260584 300.17019896 470.84434723 493.82443973
 567.04772449 427.00884364 446.74341837 563.5658434  282.39076652
 432.62568577 572.10890042 548.06382813 393.73202614 467.54207609
 669.50342936 480.57778009 525.19407407 597.46999653 526.31645847
 347.81122449 505.44872617 367.1402663  459.5914     556.65024221
 381.31772479 363.95194156 468.24542969 578.79516758 484.62453217]
Average Mean Squared Error:  473.99347784256577
Mean Squared Separation:  1544.799900878487
Entropy per Cluster:  [ 0.19573398  0.13851379  0.06268265  0.05282677  0.4935907   0.55494052
  0.07150379  0.71826899  0.14750498 -0.          0.30099607  0.139233
  0.33983292  0.21844196  0.18419037  1.17358848  0.08214305  0.77910464
  0.47175656  0.26626025  0.14372617  0.30099676  0.33880874 -0.
  1.34282276  0.12394987  0.15884084  0.48368738  1.56670893  0.37855633]
Average Entropy:  0.37430704214422544

Iteration 25
Mean Squared Error:  [450.04523706 491.45260584 300.17019896 470.84434723 493.82443973
 567.04772449 427.00884364 446.74341837 563.5658434  282.39076652
 432.62568577 572.10890042 548.06382813 393.73202614 467.54207609
 669.50342936 480.57778009 525.19407407 597.46999653 526.31645847
 347.81122449 509.36553143 367.1402663  459.5914     549.27650227
 381.31772479 363.95194156 468.24542969 578.79516758 484.62453217]
Average Mean Squared Error:  473.8782466863699
Mean Squared Separation:  1544.779534881426
Entropy per Cluster:  [ 0.19573398  0.13851379  0.06268265  0.05282677  0.4935907   0.55494052
  0.07150379  0.71826899  0.14750498 -0.          0.30099607  0.139233
  0.33983292  0.21844196  0.18419037  1.17358848  0.08214305  0.77910464
  0.47175656  0.26626025  0.14372617  0.29945385  0.33880874 -0.
  1.26543296  0.12394987  0.15884084  0.48368738  1.56670893  0.37855633]
Average Entropy:  0.3716759517125476

Iteration 26
Mean Squared Error:  [450.04523706 491.45260584 300.17019896 470.84434723 493.82443973
 567.04772449 427.00884364 446.74341837 563.5658434  282.39076652
 432.62568577 572.10890042 548.06382813 393.73202614 467.54207609
 669.50342936 480.57778009 525.19407407 597.46999653 526.31645847
 347.81122449 509.36553143 367.1402663  459.5914     549.27650227
 381.31772479 363.95194156 468.24542969 578.79516758 484.62453217]
Average Mean Squared Error:  473.8782466863699
Mean Squared Separation:  1544.779534881426
Entropy per Cluster:  [ 0.19573398  0.13851379  0.06268265  0.05282677  0.4935907   0.55494052
  0.07150379  0.71826899  0.14750498 -0.          0.30099607  0.139233
  0.33983292  0.21844196  0.18419037  1.17358848  0.08214305  0.77910464
  0.47175656  0.26626025  0.14372617  0.29945385  0.33880874 -0.
  1.26543296  0.12394987  0.15884084  0.48368738  1.56670893  0.37855633]
Average Entropy:  0.3716759517125476