PS C:\Users\james\OneDrive\Documents\ML\ass4>  & 'C:\Users\james\AppData\Local\Microsoft\WindowsApps\python.exe' 'c:\Users\james\.vscode\extensions\ms-python.python-2020.8.101144\pythonFiles\lib\python\debugpy\launcher' '64717' '--' 'c:\Users\james\OneDrive\Documents\ML\ass4\optdigits_kmeans.py'
Iteration 0
Mean Squared Error:  [465.42333333 606.45289472 482.88462125 684.61170191 625.45530612
 502.17313019 514.04925425 492.67944758 707.26794584 731.90891315
 723.23740961 631.79550011 464.70305556 584.6518839  442.73247206
 522.13545953 437.700948   599.34939236 509.84251267 555.38178008
 640.6491324  540.21037037 432.485625   618.75514403 514.6010101
 548.82059398 653.63580247 666.81109695 680.02125624 539.20091942]
Average Mean Squared Error:  570.6542637731875
Mean Squared Separation:  1368.0203126285264
Entropy per Cluster:  [0.2108423  0.96548266 0.1670268  1.71782171 1.85063099 0.47095631
 0.53477311 0.30081364 1.51070605 1.94975184 2.10966681 2.01144304
 0.06952965 0.73030886 0.1879569  0.53496769 0.48401996 1.42400144
 0.47762064 0.87817795 1.46005056 1.69399703 0.33639696 0.88750347
 0.96112475 0.61540024 1.88847946 2.02925394 1.2201616  0.05153929]
Average Entropy:  0.9910135216623964

Iteration 1
Mean Squared Error:  [416.37802768 519.50727409 502.31854421 560.90548476 480.25401753
 508.73925781 476.79642716 471.52232048 658.53633232 485.29235254
 588.0001322  656.24114952 431.0499329  569.90980071 400.06947448
 510.93383789 367.18335931 672.22343195 512.13943555 448.65466392
 574.04163957 568.62531958 388.90653224 526.53027492 525.72390572
 517.46855498 629.73135802 516.67220599 585.91209877 545.2341358 ]
Average Mean Squared Error:  520.5167094206895
Mean Squared Separation:  1446.726888380006
Entropy per Cluster:  [-0.          0.71928721 -0.          0.64659424  1.40484773  0.38799495
  0.35180157  0.139233    1.498772    0.84616741  1.56422812  1.82393783
 -0.          0.55017584  0.06268265  0.31601598 -0.          1.86402918
  0.52255937  0.26557518  1.29131755  1.56452872 -0.          0.50851468
  0.61370614  0.28621087  1.90134185  1.54905623  1.30460868  0.04961407]
Average Entropy:  0.734426701934387

Iteration 2
Mean Squared Error:  [463.32421178 446.24831758 516.83515571 548.90535657 437.92654957
 512.79370117 426.63588351 462.67990189 633.00689158 386.42531572
 543.45307093 641.51052296 411.59121622 560.00440771 390.7991275
 542.74648152 348.1284394  698.4910733  496.579456   412.20396091
 546.17444649 562.91333501 386.91826974 495.96353547 558.90026092
 512.1806891  611.33641975 436.62045789 610.07074202 539.56153469]
Average Mean Squared Error:  504.69762442098715
Mean Squared Separation:  1480.771848525252
Entropy per Cluster:  [-0.          0.4322044  -0.          0.51659875  1.15846886  0.38799495
  0.1680877   0.05875816  1.40522578  0.46488806  1.38663411  1.54341976
 -0.          0.35920567  0.13615311  0.35087833 -0.          2.00716335
  0.52223787  0.07584151  1.25946869  1.57855819 -0.          0.4483705
  0.51624996  0.1898322   1.98633584  1.07046259  1.50015023  0.05079872]
Average Entropy:  0.6524662431029771

Iteration 3
Mean Squared Error:  [511.59707805 421.82714556 519.62298239 550.60771193 407.84004867
 496.70544783 411.28051574 465.50861164 602.03129737 376.30938366
 501.60597633 650.84652778 407.2951437  553.40723528 390.795776
 560.24908692 337.64931596 695.09422734 488.15713875 412.60003078
 542.55343878 556.4271218  390.0641104  487.38466875 567.12922495
 518.40911941 618.68081633 422.50194637 562.85219479 532.78157382]
Average Mean Squared Error:  498.6604965686357
Mean Squared Separation:  1490.4131711998455
Entropy per Cluster:  [ 0.139233    0.27001039 -0.          0.37379503  1.00978914  0.54906979
  0.17207623  0.06192739  1.33325614  0.39750586  1.0272781   1.38954302
 -0.          0.23862958  0.20138464  0.34722771 -0.          2.01216824
  0.48809857  0.14496237  1.21280325  1.51016717 -0.          0.42586758
  0.60471972  0.1629933   2.0000532   0.92806198  1.07938136  0.05179135]
Average Entropy:  0.6043931374414269

Iteration 4
Mean Squared Error:  [542.46611237 415.84574669 512.75702707 549.26170799 390.27771769
 498.07990398 387.99495199 463.07027778 556.07757853 400.07725181
 491.25996826 662.69179738 411.46399448 561.66256055 390.475392
 554.27177147 329.78560248 687.96303298 480.22971645 425.04171308
 524.64987245 562.97328525 397.13342567 484.48415799 569.75229819
 523.3020331  627.53719008 364.65961199 561.99107143 529.47534014]
Average Mean Squared Error:  495.22373704334257
Mean Squared Separation:  1497.9978464181502
Entropy per Cluster:  [ 0.20307393  0.198327    0.05363317  0.28853851  0.97501707  0.57200473
  0.17414875  0.06952965  1.11226792  0.63592207  0.96019041  1.30087563
 -0.          0.19611714  0.20138464  0.35843919 -0.          1.99945221
  0.46701088  0.19013088  1.10577584  1.49191733 -0.          0.41551689
  0.66323327  0.16088705  1.86674615  0.43639199  0.95843061  0.05256375]
Average Entropy:  0.5702508882025793

Iteration 5
Mean Squared Error:  [546.75619917 415.18328585 507.83355089 545.81078197 387.99339411
 497.64221939 375.82674315 458.79376594 539.08366864 400.07725181
 485.59528889 662.70963231 410.00925596 565.03444819 384.90580489
 570.72168221 331.68243401 692.65608466 481.70578512 431.38016647
 498.90347282 565.78501893 396.18247768 487.22191613 574.93013418
 524.13049265 612.41089965 352.29526535 564.15053146 522.15390266]
Average Mean Squared Error:  492.9855185039656
Mean Squared Separation:  1503.1855750488505
Entropy per Cluster:  [ 0.18512476  0.14189159  0.05503794  0.22228483  0.9499266   0.62534047
  0.12683528  0.07360348  1.01449323  0.63592207  0.92752871  1.19307458
 -0.          0.14216315  0.30297045  0.56934155 -0.          1.95792888
  0.48213295  0.17808777  0.953808    1.47797503  0.07360348  0.40570238
  0.67245414  0.16088705  1.90532422  0.23785057  0.92527742  0.05336143]
Average Entropy:  0.5549977341607922

Iteration 6
Mean Squared Error:  [547.23550385 413.46119624 506.74342538 545.32159984 384.27067289
 517.03016375 374.28179522 456.47346939 524.21592341 386.50328892
 483.41721854 655.13477389 405.20873383 567.18489893 382.73191722
 572.62285714 332.70236667 697.53100586 480.5815873  439.86714512
 475.35386367 568.57903705 388.73727782 487.7437     575.77575442
 525.19182586 622.19290657 352.62200832 553.44872764 522.84213964]
Average Mean Squared Error:  491.5002261463862
Mean Squared Separation:  1505.8647408076513
Entropy per Cluster:  [ 0.1811664   0.13992136  0.05591964  0.22056677  0.9177773   0.68903516
  0.1132743   0.07761951  0.92472887  0.54393652  0.83839648  1.07614056
 -0.          0.10203811  0.3049733   0.57564177 -0.          1.95362677
  0.49838259  0.21388386  0.76709383  1.49108846  0.07414948  0.40254267
  0.66875418  0.18212568  1.83055382  0.23785057  0.88475235  0.05309265]
Average Entropy:  0.5339677646059644

Iteration 7
Mean Squared Error:  [551.45654432 409.96243426 501.4248     547.67691524 384.24234568
 534.92416667 374.45236686 459.58006657 519.619328   386.50328892
 487.76549428 638.64659576 393.58260146 572.01155918 377.9747193
 578.64142857 331.33773511 708.38106509 479.3729852  443.55933596
 448.86679293 574.24033261 393.89612097 491.91177302 575.89462081
 522.69345212 611.28125    358.27783203 527.87079528 522.65164399]
Average Mean Squared Error:  490.2900130064983
Mean Squared Separation:  1506.4339383801932
Entropy per Cluster:  [ 0.17556503  0.1380094   0.05777796  0.21639693  0.89064797  0.81258692
  0.11467551  0.07823247  0.93001322  0.54393652  0.7606317   1.10588023
 -0.          0.10155006  0.2626215   0.57564177 -0.          1.99136238
  0.50522777  0.25335661  0.54756261  1.53277827  0.07099895  0.50309111
  0.70670965  0.18306285  1.63059146  0.34726598  0.67184468  0.05256375]
Average Entropy:  0.525352774401076

Iteration 8
Mean Squared Error:  [550.24079553 404.56499569 500.3515202  548.1220702  384.55649539
 553.24590164 378.34869763 462.55747789 514.03265252 388.47090572
 486.66039096 633.10321045 384.93111111 569.74464923 377.80580467
 581.06532241 328.94674688 717.30463728 479.3729852  441.48269508
 442.41017751 577.82598649 392.05007804 490.91762204 574.796416
 520.82046952 574.61230469 363.93778696 524.29191111 523.12740484]
Average Mean Squared Error:  488.98997409654436
Mean Squared Separation:  1507.7927801463118
Entropy per Cluster:  [ 0.17203695  0.14089902  0.05875816  0.2147772   0.81159342  0.96725755
  0.11397021  0.07949044  0.83706778  0.6161654   0.73384783  1.04164576
 -0.          0.14149074  0.2626215   0.58209659 -0.          1.97660573
  0.50522777  0.25074062  0.45662182  1.53828767  0.06766983  0.49936965
  0.68822257  0.18306285  1.46148283  0.33880874  0.62106541  0.05204608]
Average Entropy:  0.5137643361387148

Iteration 9
Mean Squared Error:  [553.13988143 402.34626342 496.83015458 550.72521233 385.26097624
 558.28460208 376.38616943 472.28271738 513.49236566 383.60094451
 483.64585002 632.24899408 374.39942925 573.14233469 378.22743056
 581.06532241 325.52336269 713.1947929  477.83602461 433.14362565
 433.06020212 577.46425461 389.65100562 490.91762204 571.61669285
 520.82046952 565.71591837 354.14248521 524.09428911 521.45394069]
Average Mean Squared Error:  487.123777801965
Mean Squared Separation:  1513.4193796501006
Entropy per Cluster:  [ 0.17033058  0.14189159  0.05943185  0.18787126  0.81685392  0.99373394
  0.11611508  0.08013605  0.79707854  0.6161654   0.659912    1.00011127
 -0.          0.14082518  0.2608423   0.58209659 -0.          1.89858604
  0.50872902  0.20722709  0.34350879  1.55250802  0.06268265  0.49936965
  0.60361032  0.18306285  1.59249142  0.22900419  0.58305594  0.05230354]
Average Entropy:  0.49798450126763943

Iteration 10
Mean Squared Error:  [553.13988143 402.34626342 496.83015458 555.34876408 374.27681661
 546.83974913 371.13920383 474.98989899 508.24402042 388.4290979
 473.53893607 640.00809229 366.7559512  571.7680841  374.83431485
 590.91285714 325.11682441 723.62924702 479.35319069 428.50738783
 431.29059458 578.06458084 377.56661663 488.83193515 562.48134661
 520.82046952 571.326875   354.14248521 521.02641975 519.67429066]
Average Mean Squared Error:  485.70781166480793
Mean Squared Separation:  1518.4569028062058
Entropy per Cluster:  [ 0.17033058  0.14189159  0.05943185  0.18445186  0.7448424   0.95164065
  0.06677964  0.08146203  0.75750999  0.6045189   0.5756888   1.05113027
 -0.          0.14284252  0.26442727  0.57564177 -0.          1.80851023
  0.50522777  0.20510658  0.27762293  1.56425336  0.05909293  0.45197237
  0.46486349  0.18306285  1.5894952   0.22900419  0.56763827  0.05204608]
Average Entropy:  0.47768287875748616

Iteration 11
Mean Squared Error:  [553.13988143 400.29674495 496.83015458 556.74131963 374.01353361
 540.76328502 369.97157908 479.97063723 508.24402042 384.81938729
 471.26820561 638.07726822 361.90217898 570.86146542 374.6619589
 590.91285714 326.88894628 722.0043618  477.8306213  428.23501073
 431.29059458 578.94078125 371.03069658 488.83193515 553.52967864
 520.82046952 576.2637037  354.14248521 519.63278992 515.80197232]
Average Mean Squared Error:  484.5906174831459
Mean Squared Separation:  1523.5299102602337
Entropy per Cluster:  [ 0.17033058  0.14289943  0.05943185  0.18246504  0.73632303  0.83070895
  0.06766983  0.08214305  0.75750999  0.59334589  0.53133559  1.05713788
 -0.          0.14563191  0.2626215   0.57564177 -0.          1.8240387
  0.50177936  0.20303251  0.27762293  1.56915782  0.05652459  0.45197237
  0.30023391  0.18306285  1.57746107  0.22900419  0.55414647  0.05204608]
Average Entropy:  0.46584263804627773

Iteration 12
Mean Squared Error:  [553.13988143 400.29674495 496.83015458 555.96403464 376.09904819
 535.28579471 366.74536415 480.21596344 508.24402042 384.81938729
 471.37339744 638.07726822 358.23053633 568.65590071 377.55863671
 590.91285714 323.23466981 726.28246826 474.27542652 423.50449627
 429.47026959 578.94078125 372.5935833  489.84578402 548.18058295
 522.00814012 574.58666667 354.14248521 521.4022182  517.24202319]
Average Mean Squared Error:  483.9386195226612
Mean Squared Separation:  1525.2486643545262
Entropy per Cluster:  [ 0.17033058  0.14289943  0.05943185  0.18312207  0.73632303  0.75375199
  0.06858609  0.08283655  0.75750999  0.59334589  0.48268371  1.05713788
 -0.          0.14707142  0.25908909  0.57564177 -0.          1.82436635
  0.50522777  0.15004513  0.22882879  1.56915782  0.0541857   0.44859793
  0.17203695  0.18259296  1.55860024  0.22900419  0.54980466  0.05179135]
Average Entropy:  0.45313337225950334

Iteration 13
Mean Squared Error:  [553.13988143 400.29674495 496.83015458 559.60851525 372.28941106
 501.82939893 366.74536415 482.89861496 508.24402042 384.81938729
 471.54091444 638.07726822 357.71127572 567.02457705 377.55863671
 590.91285714 324.9635451  731.35553633 473.1301725  422.03071248
 429.47026959 579.38238203 363.00770913 489.79011338 548.18058295
 522.00814012 576.4        353.18725586 532.06448753 519.28522449]
Average Mean Squared Error:  483.1261051263673
Mean Squared Separation:  1526.337131148779
Entropy per Cluster:  [ 0.17033058  0.14289943  0.05943185  0.20414496  0.71206405  0.49546673
  0.06858609  0.08426243  0.75750999  0.59334589  0.48034237  1.05713788
 -0.          0.15004513  0.25908909  0.57564177 -0.          1.86760522
  0.50522777  0.14928953  0.22882879  1.57408312  0.05282677  0.44527823
  0.17203695  0.18259296  1.65063823  0.23187232  0.68979089  0.05079872]
Average Entropy:  0.45370559133343363

Iteration 14
Mean Squared Error:  [553.13988143 400.29674495 496.83015458 565.56890674 367.90496728
 481.1863054  366.74536415 482.89861496 508.24402042 384.81938729
 471.54091444 637.8812426  357.30139918 565.43428108 377.55863671
 590.91285714 324.36175854 733.40408163 471.31001979 418.27769531
 429.47026959 579.38238203 360.73074382 490.47515067 548.18058295
 521.74381775 562.46539256 351.13681028 535.9867036  521.38178684]
Average Mean Squared Error:  481.8856957909402
Mean Squared Separation:  1527.8606930108951
Entropy per Cluster:  [ 0.17033058  0.14289943  0.05943185  0.22381256  0.68643817  0.44541015
  0.06858609  0.08426243  0.75750999  0.59334589  0.48034237  1.06322082
 -0.          0.18799548  0.25908909  0.57564177 -0.          1.95289789
  0.50522777  0.05475066  0.22882879  1.57408312  0.05104302  0.4805703
  0.17203695  0.16088705  1.61955584  0.23481996  0.68979089  0.05031761]
Average Entropy:  0.4524375491412883

Iteration 15
Mean Squared Error:  [553.13988143 400.29674495 496.83015458 565.56890674 363.79283165
 472.79783951 366.74536415 482.89861496 508.24402042 384.81938729
 471.54091444 637.8812426  354.05472327 561.72128687 377.55863671
 590.91285714 319.39513478 736.63043047 470.82920031 416.6259013
 429.47026959 579.38238203 363.22856963 489.80032579 553.56274274
 521.74381775 557.61492699 351.13681028 536.10932549 524.95570953]
Average Mean Squared Error:  481.30963177915345
Mean Squared Separation:  1529.2522494510667
Entropy per Cluster:  [ 0.17033058  0.14289943  0.05943185  0.22381256  0.68643817  0.35461444
  0.06858609  0.08426243  0.75750999  0.59334589  0.48034237  1.06322082
 -0.          0.1918486   0.25908909  0.57564177 -0.          1.99338308
  0.50872902 -0.          0.22882879  1.57408312  0.05008072  0.47715362
  0.23947118  0.16088705  1.58103466  0.23481996  0.69522973  0.04938424]
Average Entropy:  0.45014864101631313

Iteration 16
Mean Squared Error:  [553.13988143 400.29674495 496.83015458 568.85008747 363.79283165
 463.09502083 366.74536415 482.89861496 508.24402042 384.81938729
 471.54091444 637.8812426  350.41150138 560.54967742 377.55863671
 590.91285714 315.70325939 736.63043047 470.82920031 416.6259013
 429.47026959 579.38238203 363.10679328 489.80032579 553.56274274
 521.74381775 557.61492699 351.13681028 536.86759003 526.10194392]
Average Mean Squared Error:  480.87144437601916
Mean Squared Separation:  1530.1177945433956
Entropy per Cluster:  [ 0.17033058  0.14289943  0.05943185  0.22304581  0.68643817  0.291332
  0.06858609  0.08426243  0.75750999  0.59334589  0.48034237  1.06322082
 -0.          0.19384051  0.25908909  0.57564177 -0.          1.99338308
  0.50872902 -0.          0.22882879  1.57408312  0.04848741  0.47715362
  0.23947118  0.16088705  1.58103466  0.23481996  0.68979089  0.0489314 ]
Average Entropy:  0.4478305655239036

Iteration 17
Mean Squared Error:  [553.13988143 400.29674495 496.83015458 568.85008747 363.79283165
 459.57102041 366.74536415 482.89861496 508.24402042 384.81938729
 471.54091444 637.8812426  351.52207587 554.8214162  377.55863671
 590.91285714 314.63531101 735.84529321 470.82920031 416.6259013
 429.47026959 579.38238203 359.24016899 489.80032579 553.56274274
 521.74381775 569.99483471 351.13681028 537.18107741 527.55552958]
Average Mean Squared Error:  480.8809638321144
Mean Squared Separation:  1530.1155762711717
Entropy per Cluster:  [ 0.17033058  0.14289943  0.05943185  0.22304581  0.68643817  0.29459765
  0.06858609  0.08426243  0.75750999  0.59334589  0.48034237  1.06322082
 -0.          0.19691445  0.25908909  0.57564177 -0.          2.04351047
  0.50872902 -0.          0.22882879  1.57408312  0.04659218  0.47715362
  0.23947118  0.16088705  1.58112971  0.23481996  0.69522973  0.04848741]
Average Entropy:  0.4498192866227855

Iteration 18
Mean Squared Error:  [553.13988143 400.29674495 496.83015458 568.85008747 363.79283165
 459.57102041 366.74536415 482.89861496 508.24402042 384.81938729
 471.54091444 637.8812426  353.84230453 550.98193775 377.55863671
 590.91285714 311.57190247 735.84529321 470.82920031 416.6259013
 429.47026959 579.38238203 358.13525635 489.80032579 553.56274274
 521.74381775 570.85916824 351.13681028 537.44305293 529.7044456 ]
Average Mean Squared Error:  480.80055230184354
Mean Squared Separation:  1530.8487375620543
Entropy per Cluster:  [ 0.17033058  0.14289943  0.05943185  0.22304581  0.68643817  0.29459765
  0.06858609  0.08426243  0.75750999  0.59334589  0.48034237  1.06322082
 -0.          0.20009667  0.25908909  0.57564177 -0.          2.04351047
  0.50872902 -0.          0.22882879  1.57408312  0.04503629  0.47715362
  0.23947118  0.16088705  1.57728384  0.23481996  0.70639527  0.04826865]
Average Entropy:  0.4501101945876918

Iteration 19
Mean Squared Error:  [553.13988143 400.29674495 496.83015458 571.30681999 363.79283165
 459.57102041 366.74536415 482.89861496 508.24402042 384.81938729
 471.54091444 637.8812426  354.67874135 550.98365595 379.58431873
 601.06050387 304.03944447 735.84529321 472.43924969 416.6259013
 429.47026959 579.38238203 360.46596372 489.80032579 553.56274274
 521.74381775 555.72004132 351.13681028 527.276354   529.72541394]
Average Mean Squared Error:  480.35360755308625
Mean Squared Separation:  1531.8728675747245
Entropy per Cluster:  [ 0.17033058  0.14289943  0.05943185  0.22228483  0.68643817  0.29459765
  0.06858609  0.08426243  0.75750999  0.59334589  0.48034237  1.06322082
 -0.          0.2011825   0.25736127  0.56934155 -0.          2.04351047
  0.50522777 -0.          0.22882879  1.57408312  0.0435881   0.47715362
  0.23947118  0.16088705  1.54240318  0.23481996  0.63696755  0.04805201]
Average Entropy:  0.44620427294029347

Iteration 20
Mean Squared Error:  [553.13988143 402.34626342 496.83015458 571.8114581  363.79283165
 459.57102041 366.74536415 482.89861496 508.24402042 384.81938729
 471.54091444 637.8812426  351.40019221 548.40026271 385.10463349
 604.5160108  307.57214844 735.84529321 472.67257031 416.6259013
 433.24025048 579.38238203 356.51652009 489.80032579 553.56274274
 520.45244204 528.4138322  351.13681028 527.276354   531.5480421 ]
Average Mean Squared Error:  479.76959558865656
Mean Squared Separation:  1533.5590009324997
Entropy per Cluster:  [ 0.17033058  0.14189159  0.05943185  0.20131611  0.68643817  0.29459765
  0.06858609  0.08426243  0.75750999  0.59334589  0.48034237  1.06322082
 -0.          0.2033932   0.30099607  0.66702507 -0.          2.04351047
  0.49503626 -0.          0.29337096  1.57408312  0.04307048  0.47715362
  0.23947118  0.13916696  1.409048    0.23481996  0.63696755  0.04783745]
Average Entropy:  0.4468741287872337

Iteration 21
Mean Squared Error:  [553.13988143 402.34626342 496.83015458 571.8114581  363.79283165
 460.66018647 368.62688606 482.89861496 508.24402042 384.81938729
 470.60844017 637.8812426  349.90310362 548.40026271 386.29064776
 604.5160108  304.62070329 735.84529321 472.67257031 416.6259013
 434.59564209 579.38238203 358.10110053 489.80032579 553.56274274
 520.45244204 526.99013807 351.13681028 529.13003616 531.5480421 ]
Average Mean Squared Error:  479.8411173996783
Mean Squared Separation:  1534.0456415740075
Entropy per Cluster:  [ 0.17033058  0.14189159  0.05943185  0.20131611  0.68643817  0.291332
  0.06766983  0.08426243  0.75750999  0.59334589  0.42744257  1.06322082
 -0.          0.2033932   0.29904953  0.66702507 -0.          2.04351047
  0.49503626 -0.          0.29152991  1.57408312  0.04290087  0.47715362
  0.23947118  0.13916696  1.43624068  0.23481996  0.64224006  0.04783745]
Average Entropy:  0.44592167075790623

Iteration 22
Mean Squared Error:  [553.13988143 402.34626342 496.83015458 572.03742825 363.79283165
 460.66018647 368.62688606 482.89861496 508.24402042 384.81938729
 470.60844017 637.8812426  352.99504502 548.40026271 390.312704
 604.5160108  308.69517106 735.84529321 472.67257031 416.6259013
 434.59564209 579.38238203 355.59043084 489.80032579 553.56274274
 520.45244204 512.42512783 351.13681028 531.27253401 531.5480421 ]
Average Mean Squared Error:  479.72382584899583
Mean Squared Separation:  1534.9621089318166
Entropy per Cluster:  [ 0.17033058  0.14189159  0.05943185  0.24169785  0.68643817  0.291332
  0.06766983  0.08426243  0.75750999  0.59334589  0.42744257  1.06322082
 -0.          0.2033932   0.33791777  0.66702507 -0.          2.04351047
  0.49503626 -0.          0.29152991  1.57408312  0.0435881   0.47715362
  0.23947118  0.13916696  1.30281774  0.23481996  0.66432893  0.04783745]
Average Entropy:  0.4448751087434603

Iteration 23
Mean Squared Error:  [553.13988143 402.34626342 498.33327078 572.03742825 363.79283165
 459.41165123 368.92265054 482.89861496 508.24402042 384.81938729
 470.60844017 637.8812426  353.80894027 548.40026271 390.83736458
 604.5160108  310.43427929 735.84529321 472.67257031 416.6259013
 434.59564209 579.38238203 354.42348713 489.80032579 553.56274274
 520.45244204 510.28287197 351.13681028 531.11336914 531.09279648]
Average Mean Squared Error:  479.713972496923
Mean Squared Separation:  1537.5926723920036
Entropy per Cluster:  [ 0.17033058  0.14189159  0.05909293  0.24169785  0.68643817  0.28814462
  0.06677964  0.08426243  0.75750999  0.59334589  0.42744257  1.06322082
 -0.          0.2033932   0.33579682  0.66702507 -0.          2.04351047
  0.49503626 -0.          0.29152991  1.57408312  0.04411928  0.47715362
  0.23947118  0.13916696  1.14588662  0.23481996  0.67011561  0.04805201]
Average Entropy:  0.43964390414369514

Iteration 24
Mean Squared Error:  [553.13988143 411.25316009 498.33327078 572.03742825 363.79283165
 459.41165123 372.62071006 482.89861496 508.24402042 384.81938729
 470.60844017 637.8812426  353.80894027 548.40026271 389.549952
 604.5160108  309.2243969  735.84529321 472.67257031 416.6259013
 434.59564209 579.38238203 351.00803223 489.80032579 553.56274274
 520.45244204 543.48529412 351.13681028 531.11336914 519.80554809]
Average Mean Squared Error:  480.6675518329584
Mean Squared Separation:  1540.1239040103108
Entropy per Cluster:  [ 0.17033058  0.19292032  0.05909293  0.24169785  0.68643817  0.28814462
  0.06507307  0.08426243  0.75750999  0.59334589  0.42744257  1.06322082
 -0.          0.2033932   0.33791777  0.66702507 -0.          2.04351047
  0.49503626 -0.          0.29152991  1.57408312 -0.          0.47715362
  0.23947118  0.13916696  1.05036855  0.23481996  0.67011561  0.0489314 ]
Average Entropy:  0.43673340959813955

Iteration 25
Mean Squared Error:  [558.52640625 413.43104979 498.33327078 572.03742825 363.79283165
 459.41165123 374.36128329 482.89861496 508.24402042 384.81938729
 470.60844017 637.8812426  353.80894027 548.40026271 391.982976
 604.5160108  311.59714711 735.84529321 472.67257031 416.6259013
 434.59564209 579.38238203 349.425525   489.80032579 553.56274274
 520.45244204 489.12471655 351.13681028 531.11336914 499.27065744]
Average Mean Squared Error:  478.58864471674104
Mean Squared Separation:  1552.083111115562
Entropy per Cluster:  [ 0.26514605  0.1903353   0.05909293  0.24169785  0.68643817  0.28814462
  0.06425463  0.08426243  0.75750999  0.59334589  0.42744257  1.06322082
 -0.          0.2033932   0.33791777  0.66702507 -0.          2.04351047
  0.49503626 -0.          0.29152991  1.57408312 -0.          0.47715362
  0.23947118  0.13916696  0.68453312  0.23481996  0.67011561  0.05204608]
Average Entropy:  0.42768978521587536

Iteration 26
Mean Squared Error:  [558.52640625 413.43104979 498.33327078 572.03742825 363.79283165
 459.41165123 382.96426254 482.89861496 508.24402042 384.81938729
 470.60844017 637.8812426  353.80894027 542.90918367 391.982976
 604.5160108  311.11704367 735.84529321 472.67257031 416.6259013
 434.59564209 579.38238203 353.678525   489.80032579 553.56274274
 520.45244204 435.78864447 351.13681028 531.11336914 479.06955255]
Average Mean Squared Error:  476.3668987103038
Mean Squared Separation:  1558.5054386411593
Entropy per Cluster:  [ 0.26514605  0.1903353   0.05909293  0.24169785  0.68643817  0.28814462
  0.06268265  0.08426243  0.75750999  0.59334589  0.42744257  1.06322082
 -0.          0.21035563  0.33791777  0.66702507 -0.          2.04351047
  0.49503626 -0.          0.29152991  1.57408312 -0.          0.47715362
  0.23947118  0.13916696  0.12565805  0.23481996  0.67011561  0.05622036]
Average Entropy:  0.40937944052329833

Iteration 27
Mean Squared Error:  [558.52640625 415.20095404 498.33327078 572.03742825 363.79283165
 459.41165123 388.99792211 482.89861496 508.24402042 384.81938729
 470.60844017 637.8812426  353.80894027 538.65893596 391.982976
 604.5160108  312.37152653 735.84529321 472.67257031 416.6259013
 434.59564209 579.38238203 352.94648505 489.80032579 553.56274274
 520.45244204 443.17057609 351.13681028 531.11336914 452.36049794]
Average Mean Squared Error:  475.85851991123195
Mean Squared Separation:  1559.5549763096176
Entropy per Cluster:  [ 0.26514605  0.18907083  0.05909293  0.24169785  0.68643817  0.28814462
  0.10992912  0.08426243  0.75750999  0.59334589  0.42744257  1.06322082
 -0.          0.22183642  0.33791777  0.66702507 -0.          2.04351047
  0.49503626 -0.          0.29152991  1.57408312 -0.          0.47715362
  0.23947118  0.13916696 -0.          0.23481996  0.67011561  0.05875816]
Average Entropy:  0.40719085811691397

Iteration 28
Mean Squared Error:  [558.52640625 423.97620464 498.33327078 572.03742825 363.79283165
 459.41165123 384.1263786  482.89861496 508.24402042 384.81938729
 470.60844017 637.8812426  353.80894027 530.7100271  391.982976
 604.5160108  312.75540234 732.26343979 472.67257031 416.6259013
 434.59564209 579.38238203 352.9513484  489.80032579 553.56274274
 520.45244204 442.98894408 351.13681028 531.11336914 454.55871357]
Average Mean Squared Error:  475.6844621642636
Mean Squared Separation:  1558.4702072843488
Entropy per Cluster:  [ 0.26514605  0.23326084  0.05909293  0.24169785  0.68643817  0.28814462
  0.10992912  0.08426243  0.75750999  0.59334589  0.42744257  1.06322082
 -0.          0.23326084  0.33791777  0.66702507 -0.          2.04481932
  0.49503626 -0.          0.29152991  1.57408312 -0.          0.47715362
  0.23947118  0.13916696 -0.          0.23481996  0.67011561  0.05810075]
Average Entropy:  0.40906638709177745

Iteration 29
Mean Squared Error:  [558.52640625 423.97620464 498.33327078 572.03742825 363.79283165
 459.41165123 384.1263786  482.89861496 508.24402042 384.81938729
 470.60844017 636.68036777 353.80894027 535.90028004 391.982976
 604.5160108  313.00760636 726.45653061 472.67257031 416.6259013
 434.59564209 579.38238203 352.89804076 489.80032579 553.56274274
 520.45244204 444.84399167 351.13681028 531.11336914 454.53746667]
Average Mean Squared Error:  475.6916343639328
Mean Squared Separation:  1558.1575469476554
Entropy per Cluster:  [ 0.26514605  0.23326084  0.05909293  0.24169785  0.68643817  0.28814462
  0.10992912  0.08426243  0.75750999  0.59334589  0.42744257  1.06938053
 -0.          0.27815418  0.33791777  0.66702507 -0.          2.04531027
  0.49503626 -0.          0.29152991  1.57408312 -0.          0.47715362
  0.23947118  0.13916696 -0.          0.23481996  0.67011561  0.05777796]
Average Entropy:  0.41077376152479794

Iteration 30
Mean Squared Error:  [558.52640625 423.97620464 498.33327078 572.03742825 363.79283165
 459.41165123 384.1263786  482.71333182 508.24402042 384.81938729
 470.60844017 636.1887207  353.80894027 541.7133835  391.982976
 604.5160108  314.25180238 713.61807958 472.67257031 416.6259013
 434.59564209 579.38238203 351.89735891 489.80032579 553.56274274
 520.45244204 444.11322398 351.13681028 531.11336914 458.63460873]
Average Mean Squared Error:  475.55522138962834
Mean Squared Separation:  1558.6146756039263
Entropy per Cluster:  [ 0.26514605  0.23326084  0.05909293  0.24169785  0.68643817  0.28814462
  0.10992912  0.08499556  0.75750999  0.59334589  0.42744257  1.07561853
 -0.          0.350892    0.33791777  0.66702507 -0.          2.02976857
  0.49503626 -0.          0.29152991  1.57408312 -0.          0.47715362
  0.23947118  0.13916696 -0.          0.23481996  0.67011561  0.05714386]
Average Entropy:  0.41289153288593994

Iteration 31
Mean Squared Error:  [558.52640625 423.97620464 498.33327078 572.03742825 363.79283165
 459.41165123 384.1263786  482.71333182 508.24402042 384.81938729
 470.60844017 633.76092752 353.80894027 540.76074039 391.982976
 604.5160108  311.71374177 713.61807958 472.67257031 416.6259013
 434.59564209 579.38238203 354.1679509  489.80032579 553.56274274
 520.45244204 443.82298753 351.13681028 531.11336914 462.58473237]
Average Mean Squared Error:  475.55562079872925
Mean Squared Separation:  1558.4497239288476
Entropy per Cluster:  [ 0.26514605  0.23326084  0.05909293  0.24169785  0.68643817  0.28814462
  0.10992912  0.08499556  0.75750999  0.59334589  0.42744257  1.08193635
 -0.          0.38719624  0.33791777  0.66702507 -0.          2.02976857
  0.49503626 -0.          0.29152991  1.57408312 -0.          0.47715362
  0.23947118  0.13916696 -0.          0.23481996  0.67011561  0.0568324 ]
Average Entropy:  0.41430188605673857

Iteration 32
Mean Squared Error:  [558.52640625 423.97620464 498.33327078 572.03742825 363.79283165
 459.41165123 384.1263786  482.71333182 508.24402042 384.81938729
 470.60844017 629.51045603 353.80894027 541.75876185 391.982976
 604.5160108  311.61071834 713.61807958 472.67257031 416.6259013
 434.59564209 579.38238203 358.07541129 489.80032579 553.56274274
 520.45244204 443.82298753 351.13681028 531.11336914 462.89854536]
Average Mean Squared Error:  475.5844807966305
Mean Squared Separation:  1558.2825583796205
Entropy per Cluster:  [ 0.26514605  0.23326084  0.05909293  0.24169785  0.68643817  0.28814462
  0.10992912  0.08499556  0.75750999  0.59334589  0.42744257  1.02365263
 -0.          0.39449853  0.33791777  0.66702507 -0.          2.02976857
  0.49503626 -0.          0.29152991  1.57408312 -0.          0.47715362
  0.23947118  0.13916696 -0.          0.23481996  0.67011561  0.05591964]
Average Entropy:  0.41257207976379556

Iteration 33
Mean Squared Error:  [558.52640625 423.97620464 498.33327078 572.03742825 363.79283165
 459.41165123 384.1263786  482.71333182 508.24402042 384.81938729
 470.60844017 629.51045603 353.80894027 541.75876185 391.982976
 604.5160108  311.05151235 713.61807958 472.67257031 416.6259013
 434.59564209 579.38238203 359.01030928 489.80032579 553.56274274
 520.45244204 443.82298753 351.13681028 531.11336914 462.89854536]
Average Mean Squared Error:  475.5970038630779
Mean Squared Separation:  1558.2027499706821
Entropy per Cluster:  [ 0.26514605  0.23326084  0.05909293  0.24169785  0.68643817  0.28814462
  0.10992912  0.08499556  0.75750999  0.59334589  0.42744257  1.02365263
 -0.          0.39449853  0.33791777  0.66702507 -0.          2.02976857
  0.49503626 -0.          0.29152991  1.57408312 -0.          0.47715362
  0.23947118  0.13916696 -0.          0.23481996  0.67011561  0.05591964]
Average Entropy:  0.41257207976379556

Iteration 34
Mean Squared Error:  [558.52640625 423.97620464 498.33327078 572.03742825 363.79283165
 459.41165123 384.1263786  482.71333182 508.24402042 384.81938729
 470.60844017 629.51045603 353.80894027 541.75876185 391.982976
 604.5160108  311.05151235 713.61807958 472.67257031 416.6259013
 434.59564209 579.38238203 359.01030928 489.80032579 553.56274274
 520.45244204 443.82298753 351.13681028 531.11336914 462.89854536]
Average Mean Squared Error:  475.5970038630779
Mean Squared Separation:  1558.2027499706821
Entropy per Cluster:  [ 0.26514605  0.23326084  0.05909293  0.24169785  0.68643817  0.28814462
  0.10992912  0.08499556  0.75750999  0.59334589  0.42744257  1.02365263
 -0.          0.39449853  0.33791777  0.66702507 -0.          2.02976857
  0.49503626 -0.          0.29152991  1.57408312 -0.          0.47715362
  0.23947118  0.13916696 -0.          0.23481996  0.67011561  0.05591964]
Average Entropy:  0.41257207976379556