PS C:\Users\james\OneDrive\Documents\ML\ass4>  & 'C:\Users\james\AppData\Local\Microsoft\WindowsApps\python.exe' 'c:\Users\james\.vscode\extensions\ms-python.python-2020.8.101144\pythonFiles\lib\python\debugpy\launcher' '63582' '--' 'c:\Users\james\OneDrive\Documents\ML\ass4\optdigits_kmeans.py'
Iteration 0
Mean Squared Error:  [707.4532872  475.19224718 510.14738341 457.57199211 702.57241126
 665.72902202 768.99879623 398.5875     334.46379887 529.00075748
 569.73802296 609.16929765 642.49464699 765.61428946 612.33392666
 617.59921225 471.4539     350.99983977 425.8143424  513.97163555
 662.47563    708.2997508  461.22164412 618.86332133 615.53145277
 347.99447279 719.52604167 575.68903266 863.86105024 573.08729033]
Average Mean Squared Error:  575.8485332046882
Mean Squared Separation:  1395.3087786150215
Entropy per Cluster:  [ 2.00528582  0.29518174 -0.          0.8400417   1.38624638  1.76470577
  1.68891523  0.56899559  0.10559104  0.42660846  1.49952922  0.97370673
  1.08037101  1.92819788  1.04685621  0.96239002  1.06771449  0.26779985
  0.68083871  0.59946463  0.7535888   1.52383822  0.68390564  0.62052258
  1.32628016  0.16232618  1.40822268  0.37790367  2.32108834  1.05212647]
Average Entropy:  0.9806081077592932

Iteration 1
Mean Squared Error:  [520.49387755 463.4275302  462.77441077 360.30820491 566.39681756
 493.20281233 736.03356801 342.15362812 322.90074901 479.43654127
 498.70841591 531.4365286  556.24251875 606.9522229  533.49282926
 442.72074074 446.82984527 298.33208889 340.64850207 439.17043911
 639.47118595 653.64057093 347.2835277  563.03297206 593.19315815
 335.55449861 721.93719008 573.93502738 697.68313006 571.32237287]
Average Mean Squared Error:  504.6238635006631
Mean Squared Separation:  1488.465505679812
Entropy per Cluster:  [ 1.46068055  0.33228663  0.14257333  0.08214305  0.66653394  1.5446069
  1.62644849  0.16232618 -0.          0.14295536  0.9385663   0.68382868
  0.34979016  1.23848339  0.11485434 -0.          0.61080821 -0.
  0.15649106  0.28840091  0.52065367  1.2294905   0.27913597  0.27815377
  1.25410106  0.15790637  1.78376718  0.12675505  1.75958324  1.07415436]
Average Entropy:  0.6335159554769443

Iteration 2
Mean Squared Error:  [497.31625    429.53062466 433.58187967 363.99891156 486.99410999
 519.15617927 712.05703485 384.58555556 333.75677986 475.19383055
 450.16465362 480.80194081 567.08633646 556.48283039 526.63062911
 448.4721172  453.24661118 294.93542244 309.88303403 426.16132964
 623.25228374 668.35273625 295.21418716 544.95394044 558.50997161
 320.71433268 737.84804602 557.51364474 628.35762574 574.02956011]
Average Mean Squared Error:  488.6260796436332
Mean Squared Separation:  1516.00016113034
Entropy per Cluster:  [ 1.29942582  0.32001486  0.18580308  0.07761951  0.13259779  1.7515058
  1.49057982  0.28639696 -0.         -0.          0.31729641  0.62106276
  0.21383875  0.97603418  0.05652459 -0.          0.4581861  -0.
  0.08650421  0.28602193  0.64604245  1.15083756 -0.          0.2902038
  1.28357239  0.17203695  1.75043607  0.03880742  1.26017182  1.02476329]
Average Entropy:  0.5392094775632441

Iteration 3
Mean Squared Error:  [501.52882798 413.71382813 425.1254895  366.85946371 491.32769231
 523.71397569 705.30436391 413.18795918 336.68466592 481.87897993
 445.32202064 475.20294316 568.0851426  525.90252686 520.52304669
 453.97029344 451.73593341 296.21555068 310.89803078 403.48448351
 593.64197531 672.78191489 287.72695512 546.03154286 550.88216684
 324.58922875 744.20197224 543.49168869 584.58404195 560.87093682]
Average Mean Squared Error:  483.98225471605195
Mean Squared Separation:  1524.2502634079085
Entropy per Cluster:  [ 1.05078116  0.31237534  0.18580308  0.07642429  0.06507307  1.76340293
  1.40797995  0.37123233 -0.         -0.          0.10618784  0.70175205
  0.171464    0.72153881  0.0568324   0.08728059  0.40790792 -0.
  0.08499556  0.20062232  0.65906987  1.27801538 -0.          0.2659591
  1.2681548   0.1811664   1.7286414   0.04022215  0.95455076  1.02765096]
Average Entropy:  0.5058361489137363

Iteration 4
Mean Squared Error:  [494.6744065  400.13869613 436.69214876 372.44671699 490.31059172
 523.71397569 710.51983703 429.74983563 333.46724444 477.05959882
 466.57624138 458.68647323 565.59070898 520.86357897 519.69939915
 447.98493857 443.35600476 289.36177778 315.29557292 390.606759
 544.11387639 662.03234568 283.02600098 531.51162791 553.42718476
 332.68074846 699.28873324 536.10038408 569.24419753 556.72705949]
Average Mean Squared Error:  478.49822216535534
Mean Squared Separation:  1533.4840310132247
Entropy per Cluster:  [ 1.0034303   0.30337484  0.25486466  0.07414948  0.06507307  1.76340293
  1.40750771  0.39124356 -0.         -0.          0.10384365  0.72323167
  0.14955712  0.59732867  0.05745902  0.09054385  0.36796935 -0.
  0.08354289  0.20224942  0.75436863  1.31675645 -0.          0.178217
  1.35844937  0.18312207  1.60299173  0.082844    0.81915794  1.05597655]
Average Entropy:  0.4996885316521834

Iteration 5
Mean Squared Error:  [493.9245     397.28342449 449.41780618 367.61316872 490.3694458
 523.71397569 707.98460738 434.30025911 324.51698255 486.24093355
 490.93992382 455.90923997 563.57429771 518.44536152 519.42531045
 446.25338021 443.46389802 296.96474954 317.96088851 388.87596982
 514.83392757 661.79235537 283.32065089 518.92515571 554.12786875
 333.33306884 634.0109     532.52681818 553.75077479 543.94648157]
Average Mean Squared Error:  474.92487082355086
Mean Squared Separation:  1538.7038186895677
Entropy per Cluster:  [ 0.99176015  0.30797533  0.34540045  0.07584151  0.06591441  1.76340293
  1.33985783  0.38094659 -0.          0.12158817  0.05714386  0.77693327
  0.15006657  0.42391532  0.05842746  0.09140162  0.40419115 -0.
 -0.          0.19902377  0.76187773  1.31448244 -0.          0.1442226
  1.40673281  0.18512476  1.31239365  0.08379525  0.66496733  0.98144644]
Average Entropy:  0.480294446448277

Iteration 6
Mean Squared Error:  [503.73950113 392.87721836 453.03340278 367.61316872 488.67113883
 519.15617927 706.89479605 441.62084483 319.21697084 495.67362626
 502.17215441 454.67572054 559.78526085 514.22889285 517.19486326
 452.4424013  442.92092785 296.87804076 325.39686659 386.56825087
 487.45288889 664.87878072 280.50862328 508.40510596 561.4742481
 337.21325134 625.99154503 535.45660408 548.08085612 526.32698962]
Average Mean Squared Error:  473.88497064943664
Mean Squared Separation:  1539.2551345214874
Entropy per Cluster:  [ 0.96374599  0.2804675   0.33639696  0.07584151  0.06677964  1.7515058
  1.3703457   0.41728069 -0.          0.28756124  0.11613607  0.7875422
  0.12741851  0.3896187   0.05943185  0.09140162  0.39567735 -0.
 -0.          0.20062232  0.69887943  1.33322732 -0.          0.10560151
  1.43899888  0.18512476  1.08482098  0.04175262  0.67059812  0.85866222]
Average Entropy:  0.4711813162578494

Iteration 7
Mean Squared Error:  [503.81129973 389.14788732 453.03340278 367.61316872 488.67113883
 519.15617927 706.53397397 444.08149093 317.54889903 499.06792508
 506.68384762 456.6285882  557.94711802 511.01381038 514.85735244
 452.4424013  445.20145009 296.87804076 338.58635355 372.77961219
 481.01222222 662.53816163 277.42962646 508.10972068 563.98317723
 342.02420155 608.53211009 536.98501276 552.64234314 523.39841836]
Average Mean Squared Error:  473.2779644767998
Mean Squared Separation:  1540.458899465949
Entropy per Cluster:  [ 0.94769792  0.28339789  0.33639696  0.07584151  0.06677964  1.7515058
  1.36769796  0.41381685 -0.          0.28591067  0.1801537   0.78043514
  0.10179151  0.36220176  0.06012245  0.09140162  0.38556751 -0.
  0.07823247  0.14731067  0.59158531  1.32224748 -0.          0.10560151
  1.42353194  0.18512476  0.97579376  0.04128047  0.69751576  0.78909751]
Average Entropy:  0.4616013506010416

Iteration 8
Mean Squared Error:  [500.6819273  389.14788732 453.03340278 367.61316872 488.67113883
 519.15617927 706.53397397 445.13522491 314.87003778 500.9538966
 512.74332277 458.86646412 556.59566327 511.01381038 514.06880942
 451.28913495 447.70050297 296.87804076 340.65782175 372.77961219
 481.41629288 662.19979188 277.89546064 498.36057406 564.43206066
 342.02420155 606.5453719  539.3005717  552.64234314 518.42738425]
Average Mean Squared Error:  473.0544690905561
Mean Squared Separation:  1541.108579445515
Entropy per Cluster:  [ 0.92826781  0.28339789  0.33639696  0.07584151  0.06677964  1.7515058
  1.36769796  0.41041614 -0.          0.32981129  0.22869748  0.79357913
  0.10252745  0.36220176  0.06083063  0.09227725  0.41460238 -0.
  0.07823247  0.14731067  0.54477266  1.28101691 -0.          0.05363317
  1.40734913  0.18512476  0.96927826  0.04097202  0.69751576  0.74613293]
Average Entropy:  0.458538993845062

Iteration 9
Mean Squared Error:  [496.00218837 391.16641401 453.03340278 367.61316872 488.67113883
 519.15617927 705.75512062 445.13522491 306.92560554 500.9538966
 512.4768431  458.86646412 558.58516543 511.01381038 510.52533513
 449.41619377 447.38093267 296.87804076 346.34343611 372.77961219
 476.64009569 659.90562228 277.07511217 495.65707031 565.429375
 335.54857143 605.6537787  540.84212773 552.61518595 518.42738425]
Average Mean Squared Error:  472.2157498938777
Mean Squared Separation:  1542.9699569600623
Entropy per Cluster:  [ 0.90279846  0.28192427  0.33639696  0.07584151  0.06677964  1.7515058
  1.36451864  0.41041614 -0.          0.32981129  0.23275669  0.79357913
  0.10215804  0.36220176  0.06155708  0.09227725  0.41256311 -0.
  0.07642429  0.14731067  0.44760992  1.21283204 -0.          0.05475066
  1.41342162  0.1080232   0.95652803  0.04081965  0.70326612  0.74613293]
Average Entropy:  0.44947349667647096

Iteration 10
Mean Squared Error:  [490.28718121 391.16641401 460.16569906 367.61316872 488.67113883
 519.15617927 705.03958478 446.16928069 303.38176268 500.9538966
 513.91176941 458.86646412 559.87054585 511.01381038 507.67019896
 453.06823529 447.38093267 296.87804076 347.2265625  372.77961219
 475.46411705 652.81305133 275.58668349 496.57357872 566.58303958
 335.54857143 605.6537787  540.82446778 548.72057075 518.42738425]
Average Mean Squared Error:  471.9155240355911
Mean Squared Separation:  1543.5082872841472
Entropy per Cluster:  [ 0.88164678  0.28192427  0.4026712   0.07584151  0.06677964  1.7515058
  1.36393677  0.40707681 -0.          0.32981129  0.23414476  0.79357913
  0.10179151  0.36220176  0.06268265  0.09227725  0.41256311 -0.
  0.07360348  0.14731067  0.37718573  1.21283204 -0.          0.0541857
  1.41944128  0.1080232   0.95652803  0.04081965  0.70912176  0.74613293]
Average Entropy:  0.4488539560355457

Iteration 11
Mean Squared Error:  [488.96220857 391.16641401 460.16569906 367.61316872 488.67113883
 519.15617927 704.74593892 447.63324085 297.19625752 500.9538966
 513.91176941 458.86646412 560.42958334 511.01381038 500.56657484
 454.8949481  448.98852046 296.87804076 351.12454545 372.77961219
 475.25506106 652.81305133 278.35727811 501.69440412 566.05207455
 335.54857143 605.6537787  540.27582426 546.04137372 518.42738425]
Average Mean Squared Error:  471.86122709750674
Mean Squared Separation:  1543.7809545567368
Entropy per Cluster:  [ 0.85956393  0.28192427  0.4026712   0.07584151  0.06677964  1.7515058
  1.3632925   0.40379715 -0.          0.32981129  0.23414476  0.79357913
  0.10142783  0.36220176  0.06425463  0.09227725  0.41256311 -0.
  0.07470434  0.14731067  0.34558191  1.21283204 -0.          0.05309265
  1.39892834  0.1080232   0.95652803  0.04097202  0.71508566  0.74613293]
Average Entropy:  0.4464942508065169

Iteration 12
Mean Squared Error:  [487.62652893 391.16641401 460.16569906 371.36503661 488.67113883
 519.15617927 704.74593892 447.63324085 295.85668038 500.9538966
 513.91176941 458.86646412 560.42958334 514.38768365 496.08521123
 461.81926278 447.11963273 296.87804076 353.78183589 372.77961219
 477.32218394 652.81305133 276.25970459 500.06454158 567.51026015
 335.54857143 603.64434705 540.27582426 540.28117914 518.42738425]
Average Mean Squared Error:  471.8515632427705
Mean Squared Separation:  1544.2793751976556
Entropy per Cluster:  [ 0.8545423   0.28192427  0.4026712   0.13206536  0.06677964  1.7515058
  1.3632925   0.40379715 -0.          0.32981129  0.23414476  0.79357913
  0.10142783  0.42371243  0.06549082  0.09054385  0.3797664  -0.
  0.07414948  0.14731067  0.34393195  1.21283204 -0.          0.05282677
  1.39803362  0.1080232   0.92601517  0.04097202  0.72735084  0.74613293]
Average Entropy:  0.4484211139773199

Iteration 13
Mean Squared Error:  [482.22264463 391.16641401 460.16569906 371.36503661 488.67113883
 519.15617927 704.74593892 447.63324085 295.27097751 500.9538966
 511.72658953 458.86646412 561.41628986 514.38768365 492.52886106
 466.42166393 443.09910156 296.87804076 354.87686222 372.77961219
 476.94894531 656.74767881 276.75187789 497.99311557 574.19817844
 335.54857143 603.64434705 540.27582426 539.68355349 518.42738425]
Average Mean Squared Error:  471.8183937225805
Mean Squared Separation:  1544.4271276797806
Entropy per Cluster:  [ 0.83747659  0.28192427  0.4026712   0.13206536  0.06677964  1.7515058
  1.3632925   0.40379715 -0.          0.32981129  0.2355509   0.79357913
  0.10142783  0.42371243  0.06634398  0.17757518  0.34455097 -0.
  0.07526827  0.14731067  0.34068362  1.19813747 -0.          0.05282677
  1.45966707  0.1080232   0.92601517  0.04097202  0.73365871  0.74613293]
Average Entropy:  0.45135867029586

Iteration 14
Mean Squared Error:  [486.24089592 391.01198103 460.16569906 371.36503661 488.67113883
 519.15617927 704.74593892 451.15831612 295.30698529 500.9538966
 511.72658953 458.86646412 561.41628986 514.38768365 490.445568
 462.7147469  439.1619944  296.87804076 351.50126649 372.77961219
 476.94894531 662.41705113 280.18914982 490.52980716 574.19817844
 335.54857143 604.80699936 540.27582426 539.68355349 518.42738425]
Average Mean Squared Error:  471.7226596073276
Mean Squared Separation:  1544.3350222557037
Entropy per Cluster:  [ 0.82323588  0.28192427  0.4026712   0.13206536  0.06677964  1.7515058
  1.3632925   0.40057554 -0.          0.32981129  0.2355509   0.79357913
  0.10142783  0.42371243 -0.          0.17921834  0.34988952 -0.
  0.07642429  0.14731067  0.34068362  1.15626583 -0.          0.10666955
  1.45966707  0.1080232   0.91987807  0.04097202  0.73365871  0.74613293]
Average Entropy:  0.44903085242460755

Iteration 15
Mean Squared Error:  [486.24089592 391.01198103 455.86541667 371.36503661 488.67113883
 519.15617927 708.42366935 454.59518519 294.48855967 500.9538966
 511.72658953 458.86646412 561.41628986 514.38768365 487.25833109
 464.35962479 439.1619944  296.87804076 351.10857957 372.77961219
 474.39745263 658.12310303 281.54751541 486.71235996 574.19817844
 335.54857143 607.11849009 540.27582426 539.68355349 518.42738425]
Average Mean Squared Error:  471.49158673624487
Mean Squared Separation:  1544.6078924070373
Entropy per Cluster:  [ 0.82323588  0.28192427  0.35935435  0.13206536  0.06677964  1.7515058
  1.40424519  0.39430024 -0.          0.32981129  0.2355509   0.79357913
  0.10142783  0.42371243 -0.          0.18089488  0.34988952 -0.
  0.07701688  0.14731067  0.34229929  1.13744591 -0.          0.05336143
  1.45966707  0.1080232   0.91382918  0.04097202  0.73365871  0.74613293]
Average Entropy:  0.4462664658862255

Iteration 16
Mean Squared Error:  [486.24089592 389.76616743 455.86541667 371.36503661 488.67113883
 519.15617927 708.42366935 456.23609666 295.37964335 500.9538966
 511.72658953 458.86646412 561.41628986 514.38768365 481.39342143
 463.22020761 439.1619944  296.87804076 350.5385941  372.77961219
 474.39745263 656.0306576  281.36388951 489.10710316 574.19817844
 335.54857143 607.11849009 540.27582426 539.68355349 518.42738425]
Average Mean Squared Error:  471.2859381069898
Mean Squared Separation:  1544.5238391267362
Entropy per Cluster:  [ 0.82323588  0.28339789  0.35935435  0.13206536  0.06677964  1.7515058
  1.40424519  0.38528512 -0.          0.32981129  0.2355509   0.79357913
  0.10142783  0.42371243 -0.          0.18435243  0.34988952 -0.
  0.07761951  0.14731067  0.34229929  1.12404068 -0.          0.05282677
  1.45966707  0.1080232   0.91382918  0.04097202  0.73365871  0.74613293]
Average Entropy:  0.4456857594920189

Iteration 17
Mean Squared Error:  [486.24089592 388.02504904 463.40017758 371.36503661 488.67113883
 519.15617927 708.42366935 453.98046875 293.76219648 500.9538966
 511.72658953 458.86646412 561.41628986 514.38768365 474.4570444
 457.03866746 439.1619944  296.87804076 351.01170068 381.37597656
 474.39745263 648.87296598 282.4944856  491.01603912 574.19817844
 335.54857143 608.06048015 540.27582426 539.68355349 518.42738425]
Average Mean Squared Error:  471.1091365074964
Mean Squared Separation:  1544.113370132925
Entropy per Cluster:  [ 0.82323588  0.28488869  0.40890994  0.13206536  0.06677964  1.7515058
  1.40424519  0.376715   -0.          0.32981129  0.2355509   0.79357913
  0.10142783  0.42371243 -0.          0.18981728  0.34988952 -0.
  0.07761951  0.22931907  0.34229929  1.13070224 -0.          0.05179135
  1.45966707  0.1080232   0.94020545  0.04097202  0.73365871  0.74613293]
Average Entropy:  0.4510841562342033

Iteration 18
Mean Squared Error:  [486.24089592 387.8447449  469.39095673 371.36503661 488.67113883
 519.15617927 708.42366935 454.4702     293.76219648 500.9538966
 511.72658953 458.86646412 561.41628986 514.38768365 473.42429698
 453.74651498 439.1619944  296.87804076 351.84729946 381.37597656
 474.39745263 641.89894601 282.76050935 484.99856327 574.19817844
 335.54857143 612.52222057 540.27582426 539.68355349 518.42738425]
Average Mean Squared Error:  470.9273756237068
Mean Squared Separation:  1543.6715841989599
Entropy per Cluster:  [ 0.82323588  0.28639696  0.45156327  0.13206536  0.06677964  1.7515058
  1.40424519  0.36592365 -0.          0.32981129  0.2355509   0.79357913
  0.10142783  0.42371243 -0.          0.19564703  0.34988952 -0.
  0.07885601  0.22931907  0.34229929  1.13070224 -0.          0.05128986
  1.45966707  0.1080232   0.98741788  0.04097202  0.73365871  0.74613293]
Average Entropy:  0.45398907099771973

Iteration 19
Mean Squared Error:  [486.24089592 387.8447449  466.72617991 371.36503661 488.67113883
 519.15617927 708.42366935 454.12704637 293.76219648 500.9538966
 512.99696308 458.86646412 561.41628986 514.38768365 468.47473923
 457.66768146 439.1619944  296.87804076 353.37331795 381.37597656
 474.39745263 641.44012578 282.06537492 484.01744128 574.19817844
 335.54857143 611.77058601 540.27582426 539.68355349 518.42738425]
Average Mean Squared Error:  470.7898209269263
Mean Squared Separation:  1544.586605593675
Entropy per Cluster:  [ 0.82323588  0.28639696  0.4026712   0.13206536  0.06677964  1.7515058
  1.40424519  0.36333191 -0.          0.32981129  0.23414476  0.79357913
  0.10142783  0.42371243 -0.          0.19564703  0.34988952 -0.
  0.07949044  0.22931907  0.34229929  1.11095874 -0.          0.05128986
  1.45966707  0.1080232   0.94126986  0.04097202  0.73365871  0.74613293]
Average Entropy:  0.4500508366016844

Iteration 20
Mean Squared Error:  [486.24089592 387.43864189 466.72617991 371.36503661 488.67113883
 519.15617927 708.42366935 453.87768121 293.76219648 500.9538966
 512.99696308 458.86646412 561.41628986 514.38768365 465.13091119
 456.94079946 439.1619944  296.87804076 353.37331795 381.37597656
 474.39745263 639.25225149 282.06537492 481.8435631  574.19817844
 342.02420155 611.77058601 540.27582426 539.68355349 518.42738425]
Average Mean Squared Error:  470.7027442421411
Mean Squared Separation:  1544.539286721446
Entropy per Cluster:  [ 0.82323588  0.28792303  0.4026712   0.13206536  0.06677964  1.7515058
  1.40424519  0.3557952  -0.          0.32981129  0.23414476  0.79357913
  0.10142783  0.42371243 -0.          0.19975535  0.34988952 -0.
  0.07949044  0.22931907  0.34229929  1.0645449  -0.          0.05128986
  1.45966707  0.18512476  0.94126986  0.04097202  0.73365871  0.74613293]
Average Entropy:  0.45101034959114017

Iteration 21
Mean Squared Error:  [486.24089592 387.43864189 466.72617991 371.36503661 488.67113883
 519.15617927 712.23850575 453.87768121 293.76219648 500.9538966
 512.99696308 458.86646412 561.41628986 514.38768365 465.13091119
 456.94079946 439.1619944  296.87804076 353.37331795 381.37597656
 474.39745263 632.05915638 282.06537492 481.8435631  574.19817844
 342.02420155 611.77058601 540.27582426 539.68355349 518.42738425]
Average Mean Squared Error:  470.5901356181727
Mean Squared Separation:  1544.6932462244113
Entropy per Cluster:  [ 0.82323588  0.28792303  0.4026712   0.13206536  0.06677964  1.7515058
  1.43572357  0.3557952  -0.          0.32981129  0.23414476  0.79357913
  0.10142783  0.42371243 -0.          0.19975535  0.34988952 -0.
  0.07949044  0.22931907  0.34229929  1.07074223 -0.          0.05128986
  1.45966707  0.18512476  0.94126986  0.04097202  0.73365871  0.74613293]
Average Entropy:  0.4522662070536985

Iteration 22
Mean Squared Error:  [486.24089592 387.43864189 466.72617991 371.36503661 488.67113883
 519.15617927 712.23850575 453.87768121 293.76219648 500.9538966
 512.99696308 458.86646412 561.41628986 514.38768365 465.13091119
 456.94079946 439.1619944  296.87804076 353.37331795 381.37597656
 474.39745263 635.39079202 282.06537492 478.77085587 574.19817844
 342.02420155 611.77058601 540.27582426 539.68355349 518.42738425]
Average Mean Squared Error:  470.5987665652052
Mean Squared Separation:  1544.7313580116595
Entropy per Cluster:  [ 0.82323588  0.28792303  0.4026712   0.13206536  0.06677964  1.7515058
  1.43572357  0.3557952  -0.          0.32981129  0.23414476  0.79357913
  0.10142783  0.42371243 -0.          0.19975535  0.34988952 -0.
  0.07949044  0.22931907  0.34229929  1.0645449  -0.          0.05153929
  1.45966707  0.18512476  0.94126986  0.04097202  0.73365871  0.74613293]
Average Entropy:  0.4520679435799652

Iteration 23
Mean Squared Error:  [486.24089592 387.43864189 466.72617991 371.36503661 488.67113883
 519.15617927 712.23850575 453.87768121 293.76219648 500.9538966
 512.99696308 458.86646412 561.41628986 514.38768365 465.13091119
 456.94079946 439.1619944  296.87804076 353.37331795 381.37597656
 474.39745263 635.39079202 282.06537492 478.77085587 574.19817844
 342.02420155 611.77058601 540.27582426 539.68355349 518.42738425]
Average Mean Squared Error:  470.5987665652052
Mean Squared Separation:  1544.7313580116595
Entropy per Cluster:  [ 0.82323588  0.28792303  0.4026712   0.13206536  0.06677964  1.7515058
  1.43572357  0.3557952  -0.          0.32981129  0.23414476  0.79357913
  0.10142783  0.42371243 -0.          0.19975535  0.34988952 -0.
  0.07949044  0.22931907  0.34229929  1.0645449  -0.          0.05153929
  1.45966707  0.18512476  0.94126986  0.04097202  0.73365871  0.74613293]
Average Entropy:  0.4520679435799652