PS C:\Users\james\OneDrive\Documents\ML\ass4>  & 'C:\Users\james\AppData\Local\Microsoft\WindowsApps\python.exe' 'c:\Users\james\.vscode\extensions\ms-python.python-2020.8.101144\pythonFiles\lib\python\debugpy\launcher' '63231' '--' 'c:\Users\james\OneDrive\Documents\ML\ass4\optdigits_kmeans.py'
Iteration 0
Mean Squared Error:  [439.5417301  714.30923587 641.8278125  543.10679402 890.29554749
 379.57461073 641.36942296 522.75669244 709.18973703 524.52345524
 764.32886427 639.77897239 642.31828704 719.9447335  638.52777778
 691.41602067 547.42295382 434.60978148 754.95274905 565.27504726
 694.96261839 726.7770157  481.69101509 500.72395972 689.22264965
 574.85923875 461.8910366  488.72445061 751.23151111 555.99345679]
Average Mean Squared Error:  611.0382392685407
Mean Squared Separation:  1265.153119243877
Entropy per Cluster:  [-0.          1.47758637  1.96328717  1.01762454  2.24834003  0.19143325
  1.66534183  0.62298371  1.50901739  0.78897908  1.77237482  1.6887824
  1.36941356  1.99177044  1.19353728  1.4191884   0.0959704   0.34511731
  2.41206419  1.14306062  1.55874302  1.55890047  0.4920577   1.10925665
  0.61938085  0.70737709  0.80654816  0.34787461  1.59868203  0.7733226 ]
Average Entropy:  1.1496005332064805

Iteration 1
Mean Squared Error:  [458.94030321 641.41224574 540.33983471 490.41589856 714.87418381
 449.21777778 505.17538332 592.92336103 605.91790601 443.19850995
 530.91369667 604.26740653 595.7465374  605.32527942 475.729525
 656.095625   550.37234043 451.95900826 622.63110017 610.51681208
 548.46462751 573.21579882 454.91277778 430.268416   636.63122276
 495.37403389 373.46976692 399.28172627 676.375337   415.18551862]
Average Mean Squared Error:  538.3050653546685
Mean Squared Separation:  1374.505302378733
Entropy per Cluster:  [ 0.05230354  1.15020772  1.51459193  0.90603728  1.51505242  0.21341328
  0.80767021  1.30325919  1.54398783  0.08013605  0.86126005  1.11929945
  1.2565837   1.65435423  0.26476503  1.16955858  0.16982609  0.4350219
  1.64843928  1.41415704  0.91252795  0.85967162  0.2108423   0.74624281
  0.1452925   0.14289943  0.02812521  0.06083063  1.42197024 -0.        ]
Average Entropy:  0.7869442490403492

Iteration 2
Mean Squared Error:  [471.98249361 604.31959207 476.91950617 458.96154634 596.62388681
 448.56870748 492.89114153 651.56722222 565.63941399 435.08881716
 513.95092996 621.16232687 636.59558726 604.22532872 457.78160619
 562.4208     580.01979451 469.71386719 597.4171624  601.69649019
 506.95023382 490.84402608 474.94377163 405.83056325 637.0600457
 442.50301637 375.8847984  388.53263533 603.3216087  445.31223985]
Average Mean Squared Error:  520.6243053273687
Mean Squared Separation:  1389.8871923155198
Entropy per Cluster:  [ 0.12862244  1.04889559  1.21485296  0.67640896  0.80393123  0.21341328
  0.68526453  1.32798984  1.50527477 -0.          0.69692413  1.24335352
  1.39289228  1.50608303  0.13334     0.87482909  0.26843069  0.56620472
  1.37258605  1.3672617   0.57573013  0.54505961  0.32275696  0.41765346
  0.06771903 -0.         -0.          0.06345812  1.2436255   0.31319505]
Average Entropy:  0.6858585554251666

Iteration 3
Mean Squared Error:  [488.79320254 583.68090278 373.42355372 445.51377018 541.58819518
 434.41106576 486.51041195 698.2924447  557.41826923 433.897
 515.50813099 636.2542     642.30262562 600.83219955 462.95843544
 496.4345011  575.78159004 457.11695255 587.05048822 608.20789496
 494.8366358  453.96862855 469.61419753 397.3022314  633.65663569
 463.26899679 379.1274594  386.09161377 565.34710744 464.781935  ]
Average Mean Squared Error:  511.13237586225335
Mean Squared Separation:  1405.9165483092652
Entropy per Cluster:  [ 0.15790637  0.71547436  0.42171271  0.4559461   0.35532632  0.15510691
  0.58698605  1.4379199   1.1056124  -0.          0.70693958  1.29533176
  1.29506693  1.34482822  0.08820473  0.5239582   0.19290007  0.4368329
  1.28316833  1.40029302  0.49217811  0.38160035  0.24988229  0.44077388
  0.06896185 -0.         -0.          0.06591441  1.20952326  0.42739815]
Average Entropy:  0.5765249058344492

Iteration 4
Mean Squared Error:  [493.32038578 566.59552002 396.22641509 440.36262693 531.36721702
 429.44615522 480.30523966 709.02806613 543.84839477 434.18107039
 517.04973268 641.1122439  647.89435647 599.4763688  474.85300245
 460.02608381 577.65866092 441.79183673 577.51620628 610.6882716
 502.38927208 436.39809689 477.395      390.32903168 624.6329747
 464.70311065 378.78752359 392.136576   521.21986203 461.650176  ]
Average Mean Squared Error:  507.41298260911014
Mean Squared Separation:  1416.3402069726249
Entropy per Cluster:  [ 0.15790637  0.46438866  0.40352782  0.38571125  0.22350516  0.15390413
  0.55314909  1.57369047  0.99083188  0.08214305  0.76902322  1.32357532
  1.28525105  1.34701719  0.16528535  0.26131132  0.19290007  0.36235588
  1.29642332  1.38409633  0.45072267  0.29496547  0.23070996  0.33891812
  0.03502758  0.06425463 -0.          0.06722154  1.22571558  0.42975861]
Average Entropy:  0.5504430360604562

Iteration 5
Mean Squared Error:  [496.06964793 556.92359536 395.28567589 437.37754955 529.12380499
 431.3770635  476.77301125 722.25425331 522.33005795 431.2289671
 518.36255291 655.4231313  652.11100908 595.46481481 479.65072562
 459.93714556 576.91794922 446.77301118 580.88240111 623.83404664
 505.56176721 432.00123115 449.78302154 377.53046905 613.89476511
 467.01497582 379.71107378 384.7146388  470.07950277 463.8440082 ]
Average Mean Squared Error:  504.4078622561119
Mean Squared Separation:  1423.3491445391653
Entropy per Cluster:  [ 0.15579378  0.36427833  0.24096783  0.3408335   0.24858092  0.21019848
  0.46971686  1.54964373  0.78538216  0.08214305  0.76902322  1.39420937
  1.27832379  1.31306016  0.19496786  0.25899375  0.19290007  0.33342226
  1.33197836  1.33819684  0.4991994   0.23065115  0.09317132  0.21844196
  0.03569647  0.06466105 -0.          0.07001205  1.02526898  0.43456736]
Average Entropy:  0.5174761358950402

Iteration 6
Mean Squared Error:  [489.92330559 554.91909469 409.31957945 431.10175835 530.27922687
 431.81683873 471.33027905 690.44454504 409.82600309 433.34246147
 518.36255291 642.03431036 641.70562066 599.27870983 480.3962585
 461.83202216 570.71385158 449.3316882  579.31152244 634.40471074
 513.06728181 421.43809689 453.02239229 372.45897461 606.90114212
 464.4208374  381.35776404 379.99183365 448.57826389 485.29895499]
Average Mean Squared Error:  498.5403293805767
Mean Squared Separation:  1433.9449620687449
Entropy per Cluster:  [ 0.09054385  0.23785057  0.21329377  0.29226021  0.24729444  0.21179258
  0.30724707  1.13486671  0.10559104  0.16413433  0.76902322  1.37925718
  1.28336537  1.3216417   0.1515122   0.25230087  0.14032727  0.31776754
  1.43505234  1.26891545  0.46068182  0.1442226  -0.          0.08013605
  0.03615787  0.06591441 -0.         -0.          0.86531578  0.51688029]
Average Entropy:  0.449778218300022

Iteration 7
Mean Squared Error:  [483.21410315 549.87866165 403.87811634 429.12041527 527.19004166
 431.27949334 463.0963     676.62882653 404.3579932  434.1858994
 523.11034294 593.47271605 641.66330109 599.27870983 472.67978249
 457.74541858 572.10890042 468.9645679  588.6350327  614.1953125
 509.18330325 423.72140346 452.95196312 372.16695502 602.80651704
 461.157376   383.05511475 387.89596799 430.30736111 502.47228303]
Average Mean Squared Error:  495.346739327064
Mean Squared Separation:  1437.3765505691508
Entropy per Cluster:  [ 0.05230354  0.24096783  0.20188082  0.28844437  0.25253077  0.21506126
  0.30229219  0.6871688  -0.          0.16277535  0.80598798  1.2824503
  1.27110241  1.3216417   0.18762412  0.24597226  0.139233    0.47092909
  1.47129341  1.19332008  0.47457448  0.10302953 -0.          0.07949044
  0.03663226  0.06722154 -0.         -0.          0.74134659  0.56952739]
Average Entropy:  0.42882671715488385

Iteration 8
Mean Squared Error:  [484.08129775 535.85188763 414.2803125  429.21553346 532.31287594
 431.27949334 467.46359915 642.71020408 413.56360931 436.38475586
 520.59372912 559.53374946 633.48979592 604.40536478 465.51593099
 457.909397   570.39015783 465.7445679  585.38866213 609.57840874
 509.96312778 431.93320635 459.68902439 367.6781     588.78175403
 464.317056   383.05511475 392.38941399 430.13917794 502.53338374]
Average Mean Squared Error:  493.0057563955196
Mean Squared Separation:  1442.6372819367864
Entropy per Cluster:  [ 0.05390791  0.25087969  0.29014605  0.23478023  0.25119882  0.21506126
  0.28841682  0.54707034 -0.          0.15884084  0.76902322  0.93160933
  1.25527612  1.35435984  0.19061918  0.24393844  0.14032727  0.47092909
  1.54333023  1.05332137  0.51715988  0.10106703  0.09501725  0.14144054
  0.03787895  0.06722154 -0.          0.07201647  0.72397534  0.58195696]
Average Entropy:  0.4193589997296716

Iteration 9
Mean Squared Error:  [492.68091509 525.0984498  416.435      427.07722222 534.22849708
 439.08940459 473.05547861 607.9134375  420.05127722 436.45544554
 529.91408953 563.31976744 598.30604339 588.94602101 463.2428474
 457.909397   568.0963     485.94635218 575.26488963 603.63169643
 508.4672684  433.98561728 464.87834622 368.5248505  587.55251978
 465.876224   383.05511475 393.73491379 422.60474335 501.99984611]
Average Mean Squared Error:  491.2447325285683
Mean Squared Separation:  1446.707891131842
Entropy per Cluster:  [ 0.0544666   0.20407487  0.29014605  0.16866093  0.24476508  0.26639639
  0.37426951  0.51874764 -0.          0.16012925  0.77479803  0.75281953
  1.20639265  1.2735407   0.1937202   0.24393844  0.14144054  0.6560591
  1.57655093  1.09906064  0.5199081   0.09918337  0.09501725  0.14032727
  0.03827096  0.06722154 -0.          0.07150379  0.63908489  0.58515699]
Average Entropy:  0.4151883752040138

Iteration 10
Mean Squared Error:  [489.00679688 520.70942149 417.68449931 427.07722222 538.8777983
 439.08940459 475.04741033 585.76       436.21097506 436.45544554
 528.08877915 594.19013128 554.64015625 591.31385098 459.28670247
 460.2341     568.0963     484.66576087 573.34631055 599.51350928
 503.66923469 437.49240756 467.49226651 368.5248505  584.15895833
 465.876224   384.97746696 393.35101176 414.95666667 502.5720983 ]
Average Mean Squared Error:  490.0788586610682
Mean Squared Separation:  1451.0829525334564
Entropy per Cluster:  [ 0.05475066  0.2055691   0.28724046  0.16866093  0.2435217   0.26639639
  0.36664635  0.49464309 -0.          0.16012925  0.75094086  0.91890537
  1.03349987  1.19832903  0.19942004  0.30229219  0.14144054  0.66139604
  1.61269509  1.07893522  0.49750933  0.09606253  0.09501725  0.14032727
  0.03894407  0.06722154 -0.          0.07099895  0.5506645   0.58195696]
Average Entropy:  0.40947048660508173

Iteration 11
Mean Squared Error:  [484.74729198 523.05121338 416.75354367 427.07722222 537.87586742
 439.08940459 473.12350823 571.70180533 452.39280992 436.49994898
 528.08877915 602.72461994 530.93034238 592.06541421 455.86753982
 460.2341     568.0963     499.92779538 574.07438715 587.77696616
 501.42249366 440.01060655 467.49226651 368.5248505  578.86517167
 465.876224   384.97746696 393.35101176 414.95666667 502.92308264]
Average Mean Squared Error:  489.3499566941293
Mean Squared Separation:  1453.540140470989
Entropy per Cluster:  [ 0.05562237  0.20407487  0.28724046  0.16866093  0.24476508  0.26639639
  0.31541052  0.42006305 -0.          0.16277535  0.75094086  0.88391996
  1.00198008  1.17130296  0.2037206   0.30229219  0.14144054  0.75332008
  1.65344104  0.95296591  0.50023604  0.09395955  0.09501725  0.14032727
  0.0400757   0.06722154 -0.          0.07099895  0.5506645   0.57879462]
Average Entropy:  0.4025876224626014

Iteration 12
Mean Squared Error:  [484.74729198 518.00190083 418.0453125  428.11902778 538.99578879
 436.22577855 461.71401896 566.81542969 451.56636647 436.0121
 524.49514403 599.49812578 522.93096647 591.41232639 455.7427044
 462.84168219 572.69757867 531.74967448 581.37675419 575.87890625
 497.98944549 436.95124349 466.63231238 367.15090297 568.29966626
 465.876224   384.97746696 404.31902778 412.44587247 503.06012127]
Average Mean Squared Error:  488.88563871475105
Mean Squared Separation:  1454.5033570922326
Entropy per Cluster:  [ 0.05562237  0.2055691   0.29014605  0.16866093  0.24602258  0.27049934
  0.31755642  0.39528216 -0.          0.16144054  0.78861732  0.86815109
  0.9673785   1.15400608  0.20639939  0.35215913  0.22017619  0.90771904
  1.73187422  0.92185537  0.44185779  0.09314583  0.09408444  0.14257333
  0.04175262  0.06722154 -0.          0.06952965  0.58210082  0.57566934]
Average Entropy:  0.4112357061285502

Iteration 13
Mean Squared Error:  [484.74729198 518.00190083 415.42765582 428.11902778 542.36558841
 435.40182335 454.09760126 571.74380243 451.2909808  436.0121
 524.49514403 596.08246564 528.00731596 590.3084281  451.84171598
 465.05815817 573.4353     543.31998698 584.46582164 564.47545455
 497.98944549 440.45665868 464.21173469 367.15090297 560.65870748
 466.0526581  384.97746696 406.88914692 412.44587247 502.71717897]
Average Mean Squared Error:  488.7415778811632
Mean Squared Separation:  1456.3920607329244
Entropy per Cluster:  [ 0.05562237  0.2055691   0.2931163   0.16866093  0.24602258  0.27260323
  0.24747812  0.37347563 -0.          0.16144054  0.78861732  0.75608
  0.93404268  1.14556347  0.17438502  0.34672915  0.22194073  0.99087632
  1.77899394  0.76589316  0.44185779  0.1282598   0.09317132  0.14257333
  0.0435881   0.06677964 -0.          0.06905438  0.58210082  0.57258047]
Average Entropy:  0.40223587504486175

Iteration 14
Mean Squared Error:  [484.74729198 519.41065567 413.58662064 428.11902778 541.12212381
 435.40182335 443.25499612 566.86852811 451.2909808  436.0121
 524.49514403 597.55055748 525.55189758 592.28238234 454.25041058
 465.05815817 573.4353     549.67722952 595.43577292 559.2222314
 498.24060952 438.01341223 470.90103806 367.15090297 555.36771915
 466.0526581  384.97746696 409.00786941 412.44587247 502.71717897]
Average Mean Squared Error:  488.721598669848
Mean Squared Separation:  1458.6753054513786
Entropy per Cluster:  [ 0.05562237  0.20708737  0.29615348  0.16866093  0.24476508  0.27260323
  0.24581477  0.3705714  -0.          0.16144054  0.78861732  0.73302384
  0.87706481  1.19560894  0.17360681  0.34672915  0.22194073  1.04096314
  1.78916953  0.71089299  0.41444461  0.12880313  0.09227725  0.14257333
  0.0446646   0.06677964 -0.          0.06766983  0.58210082  0.57258047]
Average Entropy:  0.40040767031716473

Iteration 15
Mean Squared Error:  [484.74729198 521.22264463 413.63839579 428.11902778 544.25737579
 435.40182335 444.72549689 559.02422471 451.2909808  436.0121
 526.12262111 599.23537415 508.62825789 592.28238234 454.42911484
 465.05815817 573.4353     570.08630035 597.81427221 546.66443759
 498.24060952 437.90623698 469.56774376 367.15090297 549.61313097
 466.0526581  384.97746696 410.237952   412.44587247 502.71717897]
Average Mean Squared Error:  488.37017776896107
Mean Squared Separation:  1461.0974787711891
Entropy per Cluster:  [ 0.05562237  0.2055691   0.29615348  0.16866093  0.2435217   0.27260323
  0.24256016  0.23615471 -0.          0.16144054  0.81895984  0.82346239
  0.80898581  1.19560894  0.17438502  0.34672915  0.22194073  1.11192764
  1.79943337  0.59052325  0.41444461  0.1282598   0.09317132  0.14257333
  0.04599532  0.06677964 -0.          0.06722154  0.58210082  0.57258047]
Average Entropy:  0.3962456403759935

Iteration 16
Mean Squared Error:  [484.74729198 521.22264463 412.94952732 428.11902778 544.25737579
 435.40182335 443.02576389 564.98788831 451.2909808  436.0121
 524.7799177  593.43147027 505.56419644 593.43495562 454.15622234
 465.05510355 573.4353     581.71304071 597.81427221 541.18509945
 498.1583045  438.19516092 469.59495465 367.15090297 543.8582206
 466.0526581  384.97746696 410.0021416  412.44587247 502.71717897]
Average Mean Squared Error:  488.19122879522337
Mean Squared Separation:  1463.4771193171473
Entropy per Cluster:  [ 0.05562237  0.2055691   0.2931163   0.16866093  0.2435217   0.27260323
  0.24417563  0.29288569 -0.          0.16144054  0.78861732  0.81748369
  0.68621525  1.21762082  0.17517085  0.34408209  0.22194073  1.15070824
  1.79943337  0.55217408  0.41676843  0.12772141  0.09317132  0.14257333
  0.04826865  0.06677964 -0.          0.06677964  0.58210082  0.57258047]
Average Entropy:  0.39359285473085565

Iteration 17
Mean Squared Error:  [484.74729198 521.22264463 412.94952732 428.11902778 544.25737579
 435.40182335 442.32144623 565.294406   451.2909808  436.0121
 524.7799177  592.33624066 510.69387755 593.43495562 454.15622234
 463.79755102 573.4353     592.39388021 596.94184299 537.914403
 498.1583045  438.19516092 469.54768166 367.15090297 535.63650423
 466.0526581  384.97746696 410.63636927 412.44587247 502.71717897]
Average Mean Squared Error:  488.2339638328324
Mean Squared Separation:  1464.267340087913
Entropy per Cluster:  [ 0.05562237  0.2055691   0.2931163   0.16866093  0.2435217   0.27260323
  0.24581477  0.29750804 -0.          0.16144054  0.78861732  0.81748369
  0.61656924  1.21762082  0.17517085  0.34147879  0.22194073  1.2740557
  1.78916953  0.48078428  0.41676843  0.12772141  0.09227725  0.14257333
  0.05008072  0.06677964 -0.          0.06634398  0.58210082  0.57258047]
Average Entropy:  0.392799132649151

Iteration 18
Mean Squared Error:  [484.74729198 521.22264463 412.94952732 428.11902778 544.25737579
 435.40182335 442.32144623 571.44674556 451.2909808  436.0121
 523.03976387 583.65732426 497.38536884 593.43495562 454.15622234
 461.49148397 573.4353     605.51468138 596.94184299 540.43497249
 493.54052126 438.19516092 463.54602076 367.15090297 534.16736029
 466.0526581  384.97746696 416.53357307 412.44587247 502.71717897]
Average Mean Squared Error:  487.8862531647042
Mean Squared Separation:  1465.3479278862287
Entropy per Cluster:  [ 0.05562237  0.2055691   0.2931163   0.16866093  0.2435217   0.27260323
  0.24581477  0.34408209 -0.          0.16144054  0.76341567  0.86835073
  0.55209133  1.21762082  0.17517085  0.33639902  0.22194073  1.37893986
  1.78916953  0.45883554  0.41912112  0.12772141  0.09227725  0.14257333
  0.05104302  0.06677964 -0.          0.06634398  0.58210082  0.57258047]
Average Entropy:  0.39576353841615103

Iteration 19
Mean Squared Error:  [484.74729198 521.22264463 412.94952732 428.11902778 547.12617778
 435.40182335 442.32144623 572.48598131 451.2909808  436.0121
 516.44800275 599.51897321 470.82481994 593.43495562 454.15622234
 461.49148397 573.4353     608.33376736 596.94184299 536.15307939
 493.54052126 438.19516092 458.36222282 367.15090297 532.86401384
 466.0526581  384.97746696 416.53357307 416.16319444 502.71717897]
Average Mean Squared Error:  487.2990780696449
Mean Squared Separation:  1468.5640574102501
Entropy per Cluster:  [ 0.05562237  0.2055691   0.2931163   0.16866093  0.24229219  0.27260323
  0.24581477  0.33639902 -0.          0.16144054  0.69168009  0.86618683
  0.42312132  1.21762082  0.17517085  0.33639902  0.22194073  1.39699118
  1.78916953  0.46196248  0.41912112  0.12772141  0.09140162  0.14257333
  0.05204608  0.06677964 -0.          0.06634398  0.64677963  0.57258047]
Average Entropy:  0.3915702858622025

Iteration 20
Mean Squared Error:  [484.74729198 521.22264463 412.94952732 430.0913872  547.12617778
 435.40182335 442.32144623 573.8369161  451.2909808  436.0121
 516.60847107 598.28077168 470.29496599 593.43495562 454.15622234
 461.49148397 573.4353     614.54085559 596.94184299 536.15307939
 493.54052126 438.19516092 458.76051004 367.15090297 525.325625
 466.0526581  384.97746696 416.53357307 416.16319444 502.71717897]
Average Mean Squared Error:  487.32516785787635
Mean Squared Separation:  1469.8183833947478
Entropy per Cluster:  [ 0.05562237  0.2055691   0.2931163   0.16756764  0.24229219  0.27260323
  0.24581477  0.34147879 -0.          0.16144054  0.67388831  0.82654059
  0.35314127  1.21762082  0.17517085  0.33639902  0.22194073  1.44200297
  1.78916953  0.46196248  0.41912112  0.12772141  0.0888797   0.14257333
  0.05475066  0.06677964 -0.          0.06634398  0.64677963  0.57258047]
Average Entropy:  0.38896238061699984

Iteration 21
Mean Squared Error:  [484.74729198 521.22264463 412.94952732 430.0913872  547.12617778
 435.40182335 449.79388889 578.18735797 451.2909808  436.0121
 516.60847107 593.89270351 445.36507654 593.43495562 454.15622234
 459.04601282 573.4353     617.5717155  596.94184299 536.15307939
 493.54052126 438.19516092 452.99948347 367.15090297 523.86460617
 470.29462459 384.97746696 422.5831828  416.16319444 502.71717897]
Average Mean Squared Error:  486.8638294077194
Mean Squared Separation:  1472.7505412804628
Entropy per Cluster:  [ 0.05562237  0.2055691   0.2931163   0.16756764  0.24229219  0.27260323
  0.24417563  0.37635355 -0.          0.16144054  0.67388831  0.83224302
  0.23181305  1.21762082  0.17517085  0.28841682  0.22194073  1.48612482
  1.78916953  0.46196248  0.41912112  0.12772141  0.08970339  0.14257333
  0.05652459  0.06634398 -0.          0.06466105  0.64677963  0.57258047]
Average Entropy:  0.3861033312057684

Iteration 22
Mean Squared Error:  [484.74729198 521.22264463 412.94952732 430.0913872  547.12617778
 435.40182335 449.79388889 577.38929164 451.2909808  436.0121
 516.60847107 594.00746693 444.96004091 593.43495562 454.15622234
 458.36701895 573.4353     617.5717155  596.94184299 536.15307939
 493.54052126 438.19516092 452.99948347 367.15090297 519.75143876
 470.29462459 384.97746696 422.78869822 416.16319444 502.71717897]
Average Mean Squared Error:  486.67466326140146
Mean Squared Separation:  1473.3515728676405
Entropy per Cluster:  [ 0.05562237  0.2055691   0.2931163   0.16756764  0.24229219  0.27260323
  0.24417563  0.46281203 -0.          0.16144054  0.67388831  0.83224302
  0.12479758  1.21762082  0.17517085  0.28623751  0.22194073  1.48612482
  1.78916953  0.46196248  0.41912112  0.12772141  0.08970339  0.14257333
  0.05943185  0.06634398 -0.          0.06507307  0.64677963  0.57258047]
Average Entropy:  0.3854560967490633

Iteration 23
Mean Squared Error:  [484.74729198 521.22264463 412.94952732 430.0913872  547.12617778
 435.40182335 449.79388889 572.75889996 451.2909808  436.0121
 516.60847107 592.30214876 449.49634669 593.43495562 454.15622234
 456.95996228 573.4353     617.5717155  596.94184299 536.15307939
 493.54052126 438.19516092 452.99948347 367.15090297 518.61342155
 470.29462459 384.97746696 423.59052942 416.16319444 502.71717897]
Average Mean Squared Error:  486.55657503593
Mean Squared Separation:  1473.6892300482398
Entropy per Cluster:  [ 0.05562237  0.2055691   0.2931163   0.16756764  0.24229219  0.27260323
  0.24417563  0.53776574 -0.          0.16144054  0.67388831  0.87548646
  0.11759467  1.21762082  0.17517085  0.2840937   0.22194073  1.48612482
  1.78916953  0.46196248  0.41912112  0.12772141  0.08970339  0.14257333
  0.06192739  0.06634398 -0.          0.06549082  0.64677963  0.57258047]
Average Entropy:  0.38918155411833727

Iteration 24
Mean Squared Error:  [484.74729198 521.22264463 412.94952732 430.0913872  547.12617778
 435.40182335 449.79388889 563.99219955 451.2909808  436.0121
 516.60847107 596.38422206 445.9790878  593.43495562 459.60107475
 456.95996228 573.4353     617.5717155  596.94184299 536.15307939
 493.54052126 438.19516092 452.99948347 367.15090297 515.63366006
 470.29462459 384.97746696 423.59052942 416.16319444 502.71717897]
Average Mean Squared Error:  486.3653485329216
Mean Squared Separation:  1474.4059381429201
Entropy per Cluster:  [ 0.05562237  0.2055691   0.2931163   0.16756764  0.24229219  0.27260323
  0.24417563  0.46513695 -0.          0.16144054  0.67388831  0.86949537
  0.06549082  1.21762082  0.17438502  0.2840937   0.22194073  1.48612482
  1.78916953  0.46196248  0.41912112  0.12772141  0.08970339  0.14257333
  0.06345812  0.06634398 -0.          0.06549082  0.64677963  0.57258047]
Average Entropy:  0.38484892664076237

Iteration 25
Mean Squared Error:  [484.74729198 521.22264463 412.94952732 430.0913872  547.12617778
 435.40182335 453.17328051 564.9569161  451.2909808  436.0121
 516.60847107 596.623813   444.15019513 593.43495562 459.60107475
 456.95996228 573.4353     617.5717155  596.94184299 536.15307939
 493.54052126 438.19516092 452.99948347 367.15090297 513.40331361
 470.29462459 384.97746696 423.59052942 416.16319444 502.71717897]
Average Mean Squared Error:  486.3828305332487
Mean Squared Separation:  1474.855874474298
Entropy per Cluster:  [ 0.05562237  0.2055691   0.2931163   0.16756764  0.24229219  0.27260323
  0.24256016  0.46513695 -0.          0.16144054  0.67388831  0.90443598
  0.12842582  1.21762082  0.17438502  0.2840937   0.22194073  1.48612482
  1.78916953  0.46196248  0.41912112  0.12772141  0.08970339  0.14257333
 -0.          0.06634398 -0.          0.06549082  0.64677963  0.57258047]
Average Entropy:  0.3859423272954539

Iteration 26
Mean Squared Error:  [484.74729198 521.22264463 412.94952732 430.0913872  547.12617778
 439.25182622 449.91034722 564.80304379 451.2909808  436.0121
 516.60847107 601.35754145 444.6598451  593.43495562 459.60107475
 456.95996228 573.4353     617.5717155  596.94184299 536.15307939
 493.54052126 435.01036027 452.99948347 367.15090297 510.92938232
 470.29462459 384.97746696 423.59052942 416.16319444 502.71717897]
Average Mean Squared Error:  486.3834253249794
Mean Squared Separation:  1475.3007939302013
Entropy per Cluster:  [ 0.05562237  0.2055691   0.2931163   0.16756764  0.24229219  0.27049934
  0.19161833  0.46196248 -0.          0.16144054  0.67388831  0.89835595
  0.06385369  1.21762082  0.17438502  0.2840937   0.22194073  1.48612482
  1.78916953  0.46196248  0.41912112  0.09234713  0.08970339  0.14257333
 -0.          0.06634398 -0.          0.06549082  0.64677963  0.57258047]
Average Entropy:  0.3805341062467514

Iteration 27
Mean Squared Error:  [484.74729198 521.22264463 412.94952732 430.0913872  547.12617778
 439.25182622 449.91034722 563.73237837 451.2909808  436.0121
 518.42930635 603.20229301 450.3855144  593.43495562 458.91706602
 456.95996228 573.4353     617.5717155  596.94184299 536.15307939
 493.54052126 435.72650674 452.99948347 367.15090297 496.36945714
 470.29462459 384.97746696 423.59052942 416.16319444 502.71717897]
Average Mean Squared Error:  486.17651876757037
Mean Squared Separation:  1476.3807338005379
Entropy per Cluster:  [ 0.05562237  0.2055691   0.2931163   0.16756764  0.24229219  0.27049934
  0.19161833  0.45883554 -0.          0.16144054  0.69862009  0.9496819
  0.06306781  1.21762082  0.17517085  0.2840937   0.22194073  1.48612482
  1.78916953  0.46196248  0.41912112  0.09195329  0.08970339  0.14257333
 -0.          0.06634398 -0.          0.06549082  0.64677963  0.57258047]
Average Entropy:  0.3829520026393124

Iteration 28
Mean Squared Error:  [484.74729198 521.22264463 412.94952732 430.0913872  547.12617778
 439.25182622 449.91034722 558.00163265 451.2909808  436.0121
 518.42930635 603.20229301 459.74739774 593.43495562 459.77741827
 456.95996228 573.4353     617.5717155  596.94184299 536.15307939
 493.54052126 434.83578551 452.99948347 367.15090297 486.70075481
 470.29462459 384.97746696 423.59052942 416.16319444 502.71717897]
Average Mean Squared Error:  485.9742543112041
Mean Squared Separation:  1477.0647566531322
Entropy per Cluster:  [ 0.05562237  0.2055691   0.2931163   0.16756764  0.24229219  0.27049934
  0.19161833  0.46513695 -0.          0.16144054  0.69862009  0.9496819
  0.05842746  1.21762082  0.17517085  0.2840937   0.22194073  1.48612482
  1.78916953  0.46196248  0.41912112  0.09195329  0.08970339  0.14257333
 -0.          0.06634398 -0.          0.06549082  0.64677963  0.57258047]
Average Entropy:  0.3830073710639877

Iteration 29
Mean Squared Error:  [484.74729198 521.22264463 412.94952732 430.0913872  547.12617778
 439.25182622 449.91034722 554.99394464 451.2909808  436.0121
 518.42930635 603.20229301 468.33275184 593.43495562 459.77741827
 456.95996228 573.4353     617.5717155  596.94184299 536.15307939
 493.54052126 438.04458729 452.99948347 367.15090297 471.2483358
 470.29462459 384.97746696 423.59052942 416.16319444 502.71717897]
Average Mean Squared Error:  485.7520559394413
Mean Squared Separation:  1477.8681149173517
Entropy per Cluster:  [ 0.05562237  0.2055691   0.2931163   0.16756764  0.24229219  0.27049934
  0.19161833  0.47495701 -0.          0.16144054  0.69862009  0.9496819
  0.05562237  1.21762082  0.17517085  0.2840937   0.22194073  1.48612482
  1.78916953  0.46196248  0.41912112  0.12718788  0.08970339  0.14257333
 -0.          0.06634398 -0.          0.06549082  0.64677963  0.57258047]
Average Entropy:  0.38441569006666076

Iteration 30
Mean Squared Error:  [484.74729198 521.22264463 412.94952732 430.0913872  547.12617778
 439.25182622 449.91034722 555.9048     451.2909808  436.0121
 518.42930635 603.20229301 473.00952895 593.43495562 459.77741827
 456.95996228 573.4353     611.58362517 596.94184299 536.15307939
 493.54052126 438.04458729 452.99948347 367.15090297 468.45470827
 470.29462459 384.97746696 423.59052942 416.16319444 502.71717897]
Average Mean Squared Error:  485.64558642656635
Mean Squared Separation:  1478.0279003359371
Entropy per Cluster:  [ 0.05562237  0.2055691   0.2931163   0.16756764  0.24229219  0.27049934
  0.19161833  0.48176307 -0.          0.16144054  0.69862009  0.9496819
  0.0544666   1.21762082  0.17517085  0.2840937   0.22194073  1.46812706
  1.78916953  0.46196248  0.41912112  0.12718788  0.08970339  0.14257333
 -0.          0.06634398 -0.          0.06549082  0.64677963  0.57258047]
Average Entropy:  0.38400410760463727

Iteration 31
Mean Squared Error:  [484.74729198 521.22264463 412.94952732 430.0913872  547.12617778
 439.25182622 449.91034722 555.9048     451.2909808  436.0121
 518.42930635 603.20229301 473.00952895 593.43495562 459.77741827
 456.95996228 573.4353     611.58362517 596.94184299 536.15307939
 493.54052126 438.04458729 452.99948347 367.15090297 468.45470827
Average Mean Squared Error:  485.64558642656635
Mean Squared Separation:  1478.0279003359371
Entropy per Cluster:  [ 0.05562237  0.2055691   0.2931163   0.16756764  0.24229219  0.27049934
  0.19161833  0.48176307 -0.          0.16144054  0.69862009  0.9496819
  0.0544666   1.21762082  0.17517085  0.2840937   0.22194073  1.46812706
  1.78916953  0.46196248  0.41912112  0.12718788  0.08970339  0.14257333
 -0.          0.06634398 -0.          0.06549082  0.64677963  0.57258047]
Average Entropy:  0.38400410760463727