PS C:\Users\james\OneDrive\Documents\ML\ass4>  & 'C:\Users\james\AppData\Local\Microsoft\WindowsApps\python.exe' 'c:\Users\james\.vscode\extensions\ms-python.python-2020.8.101144\pythonFiles\lib\python\debugpy\launcher' '64085' '--' 'c:\Users\james\OneDrive\Documents\ML\ass4\optdigits_kmeans.py'
Iteration 0
Mean Squared Error:  [590.18817546 585.0295858  577.73347107 586.43425606 578.95175781
 600.76208215 674.51887948 556.5925     463.2635434  432.68607361
 515.04542118 567.55580247 564.21395505 528.44607225 335.96988538
 555.0208     632.73958848 384.71398892 521.68424036 633.6867642
 673.37937146 452.0268595  702.27246094 538.01851354 695.25393463
 420.91666667 580.45504165 447.51681311 704.09958168 645.15993761]
Average Mean Squared Error:  558.1445341305331
Mean Squared Separation:  1344.557381447136
Entropy per Cluster:  [0.37050154 0.61938219 0.32984607 0.97741782 1.45036436 0.97645575
 2.21590993 1.24434343 0.20451855 0.2902038  0.74258517 1.29014504
 0.76000845 0.57771025 0.06268265 1.44651057 1.06877004 0.51365516
 0.59692592 1.34768387 2.13966715 0.38769056 1.57491804 0.09781948
 1.43597346 1.25162917 0.28998605 0.13787369 1.48994962 0.8754373 ]
Average Entropy:  0.8922188362179917

Iteration 1
Mean Squared Error:  [530.62249756 624.40489796 565.13519281 612.99405084 525.37866165
 533.19404116 553.80361111 447.75984918 402.7279147  329.00318878
 460.09248555 538.10886511 489.11140496 489.1395805  295.38417188
 548.3649635  558.9046684  338.78714923 511.91446125 618.11589701
 669.45053855 442.17727284 626.22235434 537.5044     555.00127187
 411.640625   554.07114512 472.42531244 676.08868584 572.05845147]
Average Mean Squared Error:  516.3195870201274
Mean Squared Separation:  1416.9654072276253
Entropy per Cluster:  [ 0.22597477  0.89975596  0.52368717  1.21462348  1.12053922  0.7897521
  1.72707602  0.5832815  -0.         -0.          0.35862647  1.23822636
  0.13110653  0.12158817 -0.          1.1109654   0.61639102  0.07360348
  0.49314642  0.91915416  2.06330502  0.18596149  1.63337754  0.04541469
  0.92410874  1.40563906  0.09317132  0.22622752  1.06134128  0.47777687]
Average Entropy:  0.6754607253171591

Iteration 2
Mean Squared Error:  [515.02954145 597.62875    560.9332483  608.461875   486.31297225
 478.62361801 534.94074174 424.28720195 394.78895464 309.72472197
 441.30775281 533.31659167 504.88214109 494.26819576 294.19395957
 552.84840329 543.1113975  325.54632568 524.44995409 609.52705476
 648.97777778 446.77502402 600.83976331 550.42169885 522.52357538
 444.56790123 570.33229275 483.37410492 613.71705104 555.82214876]
Average Mean Squared Error:  505.71782465285685
Mean Squared Separation:  1443.1647108808384
Entropy per Cluster:  [ 0.13346768  0.83064098  0.62038301  1.50829014  0.87600392  0.48280362
  1.43542178  0.40653999 -0.         -0.          0.19517055  1.11447929
  0.13992136  0.1680877  -0.          0.86124706  0.50784243 -0.
  0.48624854  0.63085462  1.96018927  0.21248925  1.40258198  0.04503629
  0.66758913  1.39214722  0.14981137  0.28165012  0.72685293  0.33980888]
Average Entropy:  0.5858519702985261

Iteration 3
Mean Squared Error:  [510.13761192 529.49161709 552.61828125 571.9355687  458.64624023
 445.31519357 538.29976331 432.99319188 390.23464095 302.98321459
 447.44539808 530.28105472 505.80892233 495.74191346 292.68976356
 527.28088608 544.27354167 330.25594723 521.66521416 610.93260771
 632.64673469 453.6076366  635.39821218 546.14350622 494.72727779
 505.52066116 568.68141693 478.16583818 565.88523413 544.0624618 ]
Average Mean Squared Error:  498.79565173956524
Mean Squared Separation:  1466.815867585483
Entropy per Cluster:  [ 0.13089427  0.52194908  0.73902753  1.57340245  0.65211353  0.24476508
  1.31308474  0.43856131 -0.         -0.          0.22642936  1.10502562
  0.13707446  0.17105992 -0.          0.43653325  0.46123315 -0.
  0.5886225   0.56781368  1.8545855   0.21011481  1.4034515   0.04659218
  0.41017756  1.67673703  0.14854949  0.26217772  0.41264861  0.3552917 ]
Average Entropy:  0.5362638675341594

Iteration 4
Mean Squared Error:  [512.2324827  468.53922495 535.16945018 522.09659091 443.73094675
 445.31519357 540.45248459 432.16441207 389.10225922 298.08347506
 451.30055498 511.78785451 505.60512    486.41769128 294.16622535
 545.02877751 539.06140103 328.44233187 510.42810075 608.08409972
 622.52001953 453.93563252 665.70121951 544.28692476 490.04443439
 554.4260355  571.91689751 477.36506522 533.79575649 542.627664  ]
Average Mean Squared Error:  494.12761088168253
Mean Squared Separation:  1482.930143463715
Entropy per Cluster:  [ 0.12528673  0.25801867  0.512729    1.42762767  0.4258297   0.24476508
  1.32069765  0.3910296  -0.         -0.          0.2526618   1.06366927
  0.06722154  0.12923738 -0.          0.10721237  0.44874535 -0.
  0.53530688  0.64464908  1.80041352  0.17989058  1.54736205  0.04848741
  0.2676517   2.03815968  0.23124824  0.29732485  0.18782449  0.3803628 ]
Average Entropy:  0.49778043591701343

Iteration 5
Mean Squared Error:  [511.2769898  477.206      534.484375   499.59891354 439.51067215
 452.28652301 546.55       435.083648   383.77359694 302.88161808
 455.47235527 511.78785451 509.4510498  486.79744559 293.6086103
 561.06944116 533.65015441 325.011492   492.96704418 608.87918542
 628.18608799 451.67694585 678.26740484 536.23573089 487.32663177
 580.6328125  571.08465369 465.98281123 504.13775635 540.12163194]
Average Mean Squared Error:  493.499981207527
Mean Squared Separation:  1490.2182435823127
Entropy per Cluster:  [ 0.12230891  0.24229219  0.51811928  1.30206054  0.332754    0.17925607
  1.43439898  0.38856925 -0.         -0.          0.2421208   1.06366927
  0.13174008  0.1830127  -0.          0.1351266   0.45152658 -0.
  0.38560559  0.74874803  1.76821     0.18835408  1.54601669  0.05055693
  0.21786006  2.10845859  0.23321319  0.24939609 -0.          0.39188777]
Average Entropy:  0.4871754086506034

Iteration 6
Mean Squared Error:  [509.06777646 480.23868313 531.52674048 505.67320261 443.42485822
 452.28652301 549.49500689 435.083648   380.7239369  302.92109375
 453.551525   511.78785451 503.9503999  486.56067898 293.11018557
 559.70798159 533.19927569 320.4983591  475.9701     617.70008053
 627.6277686  454.24526555 679.65597329 530.50034064 481.90208604
 610.35950413 571.08465369 463.99672141 501.613484   535.51771267]
Average Mean Squared Error:  493.4327140106728
Mean Squared Separation:  1492.0078321089875
Entropy per Cluster:  [ 0.1187946   0.22853814  0.512729    1.29900378  0.40984626  0.17925607
  1.46494021  0.38856925 -0.         -0.          0.2381663   1.06366927
  0.06634398  0.18659589 -0.          0.16095188  0.46834625 -0.
  0.24194073  0.76942476  1.82070695  0.18906489  1.52719261  0.05282677
  0.1762763   2.19051585  0.23321319  0.21726896 -0.          0.40421549]
Average Entropy:  0.4869465791984486

Iteration 7
Mean Squared Error:  [503.10898237 471.45695153 532.88257852 515.75735537 443.27767714
 452.28652301 547.77017751 433.85783573 376.28095285 306.76125
 451.04405    508.56311637 504.70742141 480.8528106  292.99835804
 560.67127051 530.69446849 318.04752299 471.10724457 613.86585871
 622.24348422 457.31836284 683.2507436  524.94774732 478.02773731
 630.15234375 571.08465369 466.51287807 504.03114461 532.64803234]
Average Mean Squared Error:  492.8736511163515
Mean Squared Separation:  1494.8884825220177
Entropy per Cluster:  [ 0.05875816  0.12923377  0.50746048  1.32820746  0.40751526  0.17925607
  1.44288696  0.34567866 -0.         -0.          0.2381663   1.0727918
  0.06634398  0.1903353  -0.          0.15702634  0.48637602 -0.
  0.23066051  0.80300818  1.83079493  0.18835408  1.47364747  0.05503794
  0.12923738  2.27520471  0.23321319  0.21726896  0.0604743   0.39661668]
Average Entropy:  0.4834518288488503

Iteration 8
Mean Squared Error:  [498.32858208 465.64955657 537.17617778 521.74197384 443.69979592
 455.56008035 550.59719969 433.85783573 374.64870932 307.14796875
 451.19700007 504.70710059 501.64271581 482.6850625  295.70550876
 563.92531914 523.10905679 314.88532447 472.86057692 610.9255963
 624.4382716  456.33212508 678.72854748 520.44401561 478.02773731
 603.876875   571.08465369 466.23888441 507.1506302  526.88411306]
Average Mean Squared Error:  491.44189982734736
Mean Squared Separation:  1499.0313718312489
Entropy per Cluster:  [-0.          0.12068101  0.50230952  1.32189683  0.40521303  0.17925607
  1.4704633   0.34567866 -0.         -0.          0.23719946  1.0727918
  0.06385369  0.25908909 -0.          0.153303    0.498735   -0.
  0.23429203  0.84507187  1.80561962  0.19196724  1.50613794  0.05745902
  0.12923738  2.13222872  0.23321319  0.21823843  0.1050015   0.34511731]
Average Entropy:  0.4811351567933847

Iteration 9
Mean Squared Error:  [492.67521039 456.85301769 539.99966267 527.93657619 447.09368181
 446.86490776 547.50464    433.85783573 375.7632     307.14796875
 447.84440979 505.1165625  500.69690744 480.98527778 295.70550876
 569.97198445 515.75829922 314.88532447 494.29466735 609.72629027
 608.68958678 455.41003122 658.34227839 515.87843044 478.02773731
 567.66749733 571.08465369 465.54935998 507.1506302  522.36067063]
Average Mean Squared Error:  488.6947602996952
Mean Squared Separation:  1506.256684397476
Entropy per Cluster:  [-0.          0.11911603  0.54393652  1.20798051  0.43772281  0.18512476
  1.43595985  0.34567866 -0.         -0.          0.20586199  1.05471221
  0.06268265  0.2608423  -0.          0.14919387  0.48815123 -0.
  0.43563417  0.86920811  1.77679389  0.19420821  1.45712125  0.05943185
  0.12923738  1.78695106  0.23321319  0.21921733  0.1050015   0.3292885 ]
Average Entropy:  0.46974232805087573

Iteration 10
Mean Squared Error:  [485.44670853 449.83738026 547.62927981 532.01708984 454.70953627
 441.84285714 549.1207076  433.85783573 383.0339     307.14796875
 447.80092638 502.88645024 509.69045823 476.89181094 295.70550876
 565.56568956 503.68201109 314.88532447 493.03832305 610.86374096
 612.95259983 449.5634904  658.26314828 513.14709184 478.02773731
 479.48740329 571.08465369 465.65513873 507.1506302  522.36067063]
Average Mean Squared Error:  485.4448690602081
Mean Squared Separation:  1514.8101300529488
Entropy per Cluster:  [-0.          0.11190991  0.59148833  1.19989503  0.53258261  0.18717626
  1.4628413   0.34567866 -0.         -0.          0.20502233  1.04591623
  0.12158817  0.31973437 -0.          0.14862626  0.51418215 -0.
  0.47715362  0.90533741  1.70983051  0.19728596  1.37464512  0.06119152
  0.12923738  1.24905764  0.23321319  0.22020582  0.1050015   0.3292885 ]
Average Entropy:  0.45926965929225805

Iteration 11
Mean Squared Error:  [483.02242727 446.76286494 549.2190926  527.6628418  453.96238426
 440.60055096 551.1003782  433.85783573 403.15845805 307.14796875
 444.78734928 497.11507937 521.34429536 475.56098299 295.70550876
 565.48100995 503.08875017 314.88532447 474.32331731 610.75413111
 610.86621315 444.7626004  662.28047091 506.79287413 484.10112489
 404.83796875 571.08465369 464.30462963 507.1506302  522.36067063]
Average Mean Squared Error:  482.60274625689397
Mean Squared Separation:  1521.6833661512767
Entropy per Cluster:  [-0.          0.10928571  0.59148833  1.19989503  0.53541251  0.19590927
  1.4974775   0.34567866 -0.         -0.          0.17003024  1.02045301
  0.17707387  0.39564578 -0.          0.14806332  0.45414258 -0.
  0.49115087  0.96781221  1.67286014  0.20047139  1.31443834  0.06268265
  0.12842582  0.82258468  0.23321319  0.22120403  0.1050015   0.3292885 ]
Average Entropy:  0.4463229710154646

Iteration 12
Mean Squared Error:  [482.69771462 455.85558421 552.0922929  530.89370983 453.96238426
 448.08011938 552.95883661 433.85783573 403.7692517  307.14796875
 446.3357519  495.85251851 522.66955807 466.38130022 295.70550876
 566.19780992 496.36539062 314.88532447 477.97938685 612.44445419
 599.17637877 440.92628974 667.24082679 499.4953674  484.10112489
 395.43312854 571.08465369 462.6097188  507.1506302  522.36067063]
Average Mean Squared Error:  482.19038303136693
Mean Squared Separation:  1524.256507761187
Entropy per Cluster:  [-0.          0.10679203  0.58046656  1.26148921  0.53541251  0.1132743
  1.53223713  0.34567866 -0.         -0.          0.16933444  1.02879067
  0.17508297  0.33351886 -0.          0.14585704  0.41534781 -0.
  0.53019509  0.98384441  1.62097032  0.20377046  1.29913158  0.06466105
  0.12842582  0.69439269  0.23321319  0.22221211  0.1050015   0.3292885 ]
Average Entropy:  0.43861296386394805

Iteration 13
Mean Squared Error:  [482.95576826 459.8688     550.84188034 532.28425039 453.96238426
 459.88948962 551.0108968  433.85783573 400.99632388 307.14796875
 445.89821223 490.91632373 522.66955807 463.40779396 295.70550876
 566.25261748 482.23193845 314.88532447 484.50694444 610.62545654
 573.45713518 440.90837151 660.71998839 490.97340195 484.10112489
 419.732029   571.08465369 463.17702942 512.93694877 522.36067063]
Average Mean Squared Error:  481.64555431883235
Mean Squared Separation:  1526.393182822438
Entropy per Cluster:  [-0.          0.10215804  0.58592034  1.25944603  0.53541251  0.11058084
  1.56140322  0.34567866 -0.         -0.          0.16864476  1.04591623
  0.17508297  0.33840698 -0.          0.14478041  0.36495884 -0.
  0.57108005  1.03829509  1.51260104  0.20632314  1.29543202  0.06634398
  0.12842582  0.78605706  0.23321319  0.22323022  0.14450614  0.3292885 ]
Average Entropy:  0.4424395367112088

Iteration 14
Mean Squared Error:  [474.73877568 460.49519312 550.84188034 552.28204082 452.0979999
 453.51615059 549.49769231 433.85783573 404.7014608  307.14796875
 445.89821223 497.54826535 521.31912977 462.2920096  295.70550876
 566.18619602 486.4315795  314.88532447 480.64658241 607.41218937
 570.08717561 442.09714661 655.07652785 485.20946527 481.87809568
 421.49561534 571.08465369 463.17702942 512.93694877 522.36067063]
Average Mean Squared Error:  481.4301774795879
Mean Squared Separation:  1527.948013587373
Entropy per Cluster:  [ 0.0568324   0.10000094  0.58592034  1.36773002  0.56854756  0.11190991
  1.58055411  0.34567866 -0.         -0.          0.16864476  1.02879067
  0.17410553  0.34091015 -0.          0.14531656  0.38063811 -0.
  0.57918422  1.04278673  1.40158565  0.20718953  1.23581898 -0.
  0.12923738  0.76822219  0.23321319  0.22323022  0.14450614  0.3292885 ]
Average Entropy:  0.44166141608168963

Iteration 15
Mean Squared Error:  [467.96854444 450.79431111 539.7849723  552.65383852 452.0979999
 459.08621074 545.13058109 433.85783573 406.11210884 307.14796875
 445.89821223 500.66103299 522.00591111 462.2920096  295.70550876
 566.18619602 481.26830808 314.88532447 476.76154195 612.47655511
 574.27059713 442.4086259  655.53460744 481.44132433 481.87809568
 429.63531309 571.08465369 463.17702942 512.93694877 522.36067063]
Average Mean Squared Error:  480.91676126112907
Mean Squared Separation:  1530.1359660432336
Entropy per Cluster:  [ 0.05652459  0.10215804  0.59717425  1.36298826  0.56854756  0.11190991
  1.53951612  0.34567866 -0.         -0.          0.16864476  1.00420868
  0.17313979  0.34091015 -0.          0.14531656  0.45689446 -0.
  0.58333196  1.07093824  1.27331344  0.20718953  1.23695019 -0.
  0.12923738  0.74138082  0.23321319  0.22323022  0.14450614  0.3292885 ]
Average Entropy:  0.43820638017114066

Iteration 16
Mean Squared Error:  [467.75548783 444.57870709 541.91964444 542.83       452.0979999
 459.08621074 541.23318247 433.85783573 410.46760413 307.14796875
 445.89821223 490.63336168 523.95044148 462.2920096  295.70550876
 566.18619602 479.58187609 314.88532447 476.76154195 617.15880882
 576.34887695 443.79399209 655.13192779 480.40954468 481.87809568
 428.00240635 571.08465369 463.17702942 512.93694877 522.36067063]
Average Mean Squared Error:  480.3050689405844
Mean Squared Separation:  1533.7606118107467
Entropy per Cluster:  [ 0.0544666   0.10327508  0.60298201  1.36519     0.56854756  0.11190991
  1.53801368  0.34567866 -0.         -0.          0.16864476  0.92252747
  0.17124258  0.34091015 -0.          0.14531656  0.43387566 -0.
  0.58333196  1.06183093  1.211602    0.20632314  1.22843308 -0.
  0.12923738  0.73288434  0.23321319  0.22323022  0.14450614  0.3292885 ]
Average Entropy:  0.4318820531924515

Iteration 17
Mean Squared Error:  [468.59181753 447.06683711 541.63056976 537.48780004 452.72662341
 472.36042848 539.86893174 433.85783573 410.06952572 307.14796875
 445.89821223 490.63336168 525.16168995 462.2920096  295.70550876
 566.18619602 478.03192139 314.88532447 475.63507766 617.43819252
 569.28090889 443.41312295 656.3991358  471.76005696 481.87809568
 422.22724569 571.08465369 463.17702942 512.93694877 522.36067063]
Average Mean Squared Error:  479.9064567004988
Mean Squared Separation:  1535.4249875618953
Entropy per Cluster:  [ 0.05390791  0.10327508  0.70994414  1.35990338  0.57464721  0.10928571
  1.54975638  0.34567866 -0.         -0.          0.16864476  0.92252747
  0.1703107   0.34091015 -0.          0.14531656  0.43644689 -0.
  0.58754556  1.0938648   1.04609946  0.20718953  1.22003489 -0.
  0.12923738  0.73710569  0.23321319  0.22323022  0.14450614  0.3292885 ]
Average Entropy:  0.431395678606748

Iteration 18
Mean Squared Error:  [465.07546389 438.19478326 541.63056976 538.36395179 453.28848443
 467.31209624 539.86893174 433.85783573 415.53000589 307.14796875
 445.89821223 493.61736074 525.7553972  462.2920096  295.70550876
 566.29202479 478.03192139 314.88532447 476.35686681 617.43819252
 568.02066116 443.41312295 660.24996981 465.9100346  481.87809568
 422.22724569 571.08465369 463.17702942 512.93694877 522.36067063]
Average Mean Squared Error:  479.59337807870895
Mean Squared Separation:  1536.3462664433307
Entropy per Cluster:  [ 0.05390791  0.10441908  0.70994414  1.34788284  0.60045134  0.11190991
  1.54975638  0.34567866 -0.         -0.          0.16864476  0.90758785
  0.16938969  0.34091015 -0.          0.14585704  0.43644689 -0.
  0.59182664  1.0938648   1.00303546  0.20718953  1.18760435 -0.
  0.12923738  0.73710569  0.23321319  0.22323022  0.14450614  0.3292885 ]
Average Entropy:  0.42909628454560506

Iteration 19
Mean Squared Error:  [463.4288029  435.69868827 542.25315556 537.13116907 453.28848443
 473.02116284 539.86893174 433.85783573 419.92806927 307.14796875
 445.89821223 488.30651341 525.7553972  463.21123967 295.70550876
 566.29202479 477.31415463 314.88532447 482.64362812 617.43819252
 568.02066116 443.41312295 647.4483758  465.9100346  481.87809568
 422.22724569 571.08465369 463.17702942 512.93694877 522.36067063]
Average Mean Squared Error:  479.38437675786736
Mean Squared Separation:  1535.6579692019843
Entropy per Cluster:  [ 0.0544666   0.10559104  0.70295487  1.34896359  0.60045134  0.11190991
  1.54975638  0.34567866 -0.         -0.          0.16864476  0.90031397
  0.16938969  0.33594354 -0.          0.14585704  0.4390519  -0.
  0.64052178  1.0938648   1.00303546  0.20718953  1.135246   -0.
  0.12923738  0.73710569  0.23321319  0.22323022  0.14450614  0.3292885 ]
Average Entropy:  0.4285137321457792

Iteration 20
Mean Squared Error:  [462.49367187 435.69868827 544.19733513 537.11961912 453.28848443
 474.19514368 539.86893174 433.85783573 412.18472633 307.14796875
 445.89821223 483.68155992 525.7553972  468.16286671 295.70550876
 566.29202479 474.34630889 314.88532447 481.96314089 617.43819252
 569.03007351 443.41312295 646.92674858 465.9100346  481.87809568
 421.91218758 571.08465369 463.17702942 512.93694877 522.36067063]
Average Mean Squared Error:  479.09368356170455
Mean Squared Separation:  1534.9787484118297
Entropy per Cluster:  [ 0.05475066  0.10559104  0.68941968  1.34999964  0.60045134 -0.
  1.54975638  0.34567866 -0.         -0.          0.16864476  0.89316615
  0.16938969  0.331132   -0.          0.14585704  0.44169138 -0.
  0.63150399  1.0938648   0.9919584   0.20718953  1.12744629 -0.
  0.12923738  0.74138082  0.23321319  0.22323022  0.14450614  0.3292885 ]
Average Entropy:  0.42327825611042136

Iteration 21
Mean Squared Error:  [460.25300433 435.69868827 540.93607691 539.91319444 453.28848443
 472.87547338 539.86893174 435.6482113  419.45876586 307.14796875
 445.89821223 487.18703704 526.21327784 467.52290704 295.70550876
 566.29202479 470.37916233 314.88532447 481.05933844 617.43819252
 568.41069789 443.41312295 639.58797247 465.9100346  481.87809568
 421.91218758 571.08465369 463.17702942 512.93694877 522.36067063]
Average Mean Squared Error:  478.94470661768685
Mean Squared Separation:  1534.4391291945587
Entropy per Cluster:  [ 0.05532849  0.10559104  0.71409675  1.34968081  0.60045134 -0.
  1.54975638  0.34350879 -0.         -0.          0.16864476  0.87923565
  0.16847936  0.32878206 -0.          0.14585704  0.44707663 -0.
  0.67133961  1.0938648   0.94255093  0.20718953  1.10949367 -0.
  0.12923738  0.74138082  0.23321319  0.22323022  0.14450614  0.3292885 ]
Average Entropy:  0.4227261295402772

Iteration 22
Mean Squared Error:  [456.8592373  435.63745543 546.95914116 539.72148383 452.0768573
 475.03630232 539.86893174 435.6482113  417.8755024  307.14796875
 445.89821223 474.84342888 526.33193623 467.52290704 295.70550876
 566.29202479 468.0967678  314.88532447 477.54981139 623.61165458
 569.01538108 443.41312295 636.06883227 466.03548672 481.87809568
 424.71889277 571.08465369 463.17702942 512.93694877 522.36067063]
Average Mean Squared Error:  478.6085927222279
Mean Squared Separation:  1535.8684159096592
Entropy per Cluster:  [ 0.05532849  0.10441908  0.77089685  1.34999964  0.60364387 -0.
  1.54975638  0.34350879 -0.         -0.          0.16864476  0.90758785
  0.16757953  0.32878206 -0.          0.14585704  0.44982389 -0.
  0.63501312  1.17475784  0.87424839  0.20718953  1.10949367 -0.
  0.12923738  0.74138082  0.23321319  0.22323022  0.14450614  0.3292885 ]
Average Entropy:  0.4249129004458504

Iteration 23
Mean Squared Error:  [456.8592373  436.57528889 546.95914116 539.72148383 452.63489387
 479.61906549 539.86893174 435.6482113  417.28374656 307.14796875
 445.89821223 469.84004867 526.33193623 467.52290704 295.70550876
 566.09245012 468.16091105 314.88532447 476.23293896 623.61165458
 569.01538108 442.91792433 636.06883227 466.03548672 481.87809568
 425.02996506 571.08465369 463.17702942 512.93694877 522.36067063]
Average Mean Squared Error:  478.57016162096795
Mean Squared Separation:  1535.3776087012538
Entropy per Cluster:  [ 0.05532849  0.10215804  0.77089685  1.34999964  0.63444715  0.10441908
  1.54975638  0.34350879 -0.         -0.          0.16864476  0.81918605
  0.16757953  0.32878206 -0.          0.1464019   0.45260859 -0.
  0.63501312  1.17475784  0.87424839  0.20806384  1.10949367 -0.
  0.12923738  0.76558406  0.23321319  0.22323022  0.14450614  0.3292885 ]
Average Entropy:  0.4273451218712448

Iteration 24
Mean Squared Error:  [456.8592373  434.35829072 546.95914116 539.72148383 452.63489387
 479.94119795 538.98736572 435.6482113  418.8326     307.14796875
 445.89821223 469.99202271 526.33193623 467.52290704 295.70550876
 566.09245012 466.95539922 314.88532447 476.23293896 623.61165458
 569.01538108 442.96120701 636.06883227 466.03548672 481.87809568
 425.02996506 571.08465369 463.17702942 512.93694877 522.36067063]
Average Mean Squared Error:  478.49556717520306
Mean Squared Separation:  1535.5828911330216
Entropy per Cluster:  [ 0.05532849  0.10327508  0.77089685  1.34999964  0.63444715  0.10327508
  1.55493852  0.34350879 -0.         -0.          0.16864476  0.81918605
  0.16757953  0.32878206 -0.          0.1464019   0.45543154 -0.
  0.63501312  1.17475784  0.87424839  0.2089462   1.10949367 -0.
  0.12923738  0.76558406  0.23321319  0.22323022  0.14450614  0.3292885 ]
Average Entropy:  0.427640471596867

Iteration 25
Mean Squared Error:  [456.8592373  434.35829072 546.95914116 539.72148383 452.63489387
 475.42947828 538.98736572 435.6482113  418.8326     307.14796875
 445.89821223 469.36583161 526.33193623 467.52290704 295.70550876
 566.09245012 466.95539922 314.88532447 476.23293896 623.61165458
 572.59612386 442.96120701 636.06883227 466.03548672 481.87809568
 425.02996506 571.08465369 463.17702942 512.93694877 522.36067063]
Average Mean Squared Error:  478.4436615750282
Mean Squared Separation:  1535.2307406873824
Entropy per Cluster:  [ 0.05532849  0.10327508  0.77089685  1.34999964  0.63444715  0.10679203
  1.55493852  0.34350879 -0.         -0.          0.16864476  0.80632119
  0.16757953  0.32878206 -0.          0.1464019   0.45543154 -0.
  0.63501312  1.17475784  0.94325907  0.2089462   1.10949367 -0.
  0.12923738  0.76558406  0.23321319  0.22323022  0.14450614  0.3292885 ]
Average Entropy:  0.4296292305529514

Iteration 26
Mean Squared Error:  [456.8592373  434.35829072 546.95914116 539.72148383 452.63489387
 478.1246142  538.98736572 435.6482113  418.8326     307.14796875
 445.89821223 469.36583161 526.33193623 467.52290704 295.70550876
 566.09245012 465.040625   314.88532447 476.23293896 623.61165458
 572.59612386 442.96120701 636.06883227 466.03548672 481.87809568
 425.02996506 571.08465369 463.17702942 512.93694877 522.36067063]
Average Mean Squared Error:  478.46967363162975
Mean Squared Separation:  1535.203660622327
Entropy per Cluster:  [ 0.05532849  0.10327508  0.77089685  1.34999964  0.63444715  0.10559104
  1.55493852  0.34350879 -0.         -0.          0.16864476  0.80632119
  0.16757953  0.32878206 -0.          0.1464019   0.45829355 -0.
  0.63501312  1.17475784  0.94325907  0.2089462   1.10949367 -0.
  0.12923738  0.76558406  0.23321319  0.22323022  0.14450614  0.3292885 ]
Average Entropy:  0.42968459774333406

Iteration 27
Mean Squared Error:  [456.8592373  434.35829072 546.95914116 539.72148383 452.63489387
 471.87102041 541.3046091  435.6482113  418.8326     307.14796875
 445.89821223 469.82956697 526.33193623 467.52290704 295.70550876
 566.09245012 465.040625   314.88532447 476.23293896 623.61165458
 572.59612386 442.96120701 636.06883227 466.03548672 481.87809568
 425.02996506 571.08465369 463.17702942 512.93694877 522.36067063]
Average Mean Squared Error:  478.35391979657254
Mean Squared Separation:  1535.1791162030834
Entropy per Cluster:  [ 0.05532849  0.10327508  0.77089685  1.34999964  0.63444715  0.1080232
  1.58321964  0.34350879 -0.         -0.          0.16864476  0.80005287
  0.16757953  0.32878206 -0.          0.1464019   0.45829355 -0.
  0.63501312  1.17475784  0.94325907  0.2089462   1.10949367 -0.
  0.12923738  0.76558406  0.23321319  0.22323022  0.14450614  0.3292885 ]
Average Entropy:  0.4304994296266901

Iteration 28
Mean Squared Error:  [456.8592373  434.35829072 546.95914116 539.72148383 452.63489387
 466.90428571 541.3046091  435.6482113  418.8326     307.14796875
 445.89821223 465.15431302 526.33193623 467.52290704 295.70550876
 566.09245012 465.040625   314.88532447 476.23293896 623.61165458
 572.59612386 442.96120701 636.06883227 466.03548672 481.87809568
 430.84433869 571.08465369 463.17702942 512.93694877 522.36067063]
Average Mean Squared Error:  478.2263326290032
Mean Squared Separation:  1535.7816087807694
Entropy per Cluster:  [ 0.05532849  0.10327508  0.77089685  1.34999964  0.63444715  0.1080232
  1.58321964  0.34350879 -0.         -0.          0.16864476  0.80632119
  0.16757953  0.32878206 -0.          0.1464019   0.45829355 -0.
  0.63501312  1.17475784  0.94325907  0.2089462   1.10949367 -0.
  0.12923738  0.76122387  0.23321319  0.22323022  0.14450614  0.3292885 ]
Average Entropy:  0.430563034052736

Iteration 29
Mean Squared Error:  [456.8592373  434.35829072 546.95914116 536.50734694 452.63489387
 471.12693878 541.3046091  435.6482113  418.8326     307.14796875
 445.89821223 464.77414468 526.33193623 467.52290704 295.70550876
 566.09245012 465.040625   314.88532447 476.23293896 623.61165458
 572.59612386 442.96120701 636.06883227 466.03548672 481.87809568
 430.84433869 571.08465369 463.17702942 512.93694877 522.36067063]
Average Mean Squared Error:  478.2472775566565
Mean Squared Separation:  1535.472540726146
Entropy per Cluster:  [ 0.05532849  0.10327508  0.77089685  1.34988165  0.63444715  0.21574769
  1.58321964  0.34350879 -0.         -0.          0.16864476  0.80005287
  0.16757953  0.32878206 -0.          0.1464019   0.45829355 -0.
  0.63501312  1.17475784  0.94325907  0.2089462   1.10949367 -0.
  0.12923738  0.76122387  0.23321319  0.22323022  0.14450614  0.3292885 ]
Average Entropy:  0.4339409731487362

Iteration 30
Mean Squared Error:  [456.8592373  434.35829072 548.77609375 533.92606595 452.63489387
 473.44213401 541.3046091  435.6482113  418.8326     307.14796875
 445.89821223 462.90234568 526.33193623 467.52290704 295.70550876
 566.09245012 465.040625   314.88532447 476.23293896 623.61165458
 572.59612386 442.96120701 636.06883227 466.03548672 481.87809568
 430.84433869 571.08465369 463.17702942 512.93694877 522.36067063]
Average Mean Squared Error:  478.23657981768133
Mean Squared Separation:  1535.1679338539363
Entropy per Cluster:  [ 0.05532849  0.10327508  0.76368495  1.34928437  0.63444715  0.21826394
  1.58321964  0.34350879 -0.         -0.          0.16864476  0.79389021
  0.16757953  0.32878206 -0.          0.1464019   0.45829355 -0.
  0.63501312  1.17475784  0.94325907  0.2089462   1.10949367 -0.
  0.12923738  0.76122387  0.23321319  0.22323022  0.14450614  0.3292885 ]
Average Entropy:  0.4335591205557451

Iteration 31
Mean Squared Error:  [457.02576169 434.35829072 548.77609375 532.26673469 452.63489387
 473.44213401 541.3046091  435.6482113  418.8326     307.14796875
 445.89821223 462.90234568 526.33193623 467.52290704 295.70550876
 566.09245012 465.040625   314.88532447 476.23293896 623.61165458
 572.59612386 442.96120701 636.06883227 466.03548672 481.87809568
 430.84433869 571.08465369 463.17702942 512.93694877 522.36067063]
Average Mean Squared Error:  478.18681958880853
Mean Squared Separation:  1535.2975481224657
Entropy per Cluster:  [ 0.05562237  0.10327508  0.76368495  1.34218292  0.63444715  0.21826394
  1.58321964  0.34350879 -0.         -0.          0.16864476  0.79389021
  0.16757953  0.32878206 -0.          0.1464019   0.45829355 -0.
  0.63501312  1.17475784  0.94325907  0.2089462   1.10949367 -0.
  0.12923738  0.76122387  0.23321319  0.22323022  0.14450614  0.3292885 ]
Average Entropy:  0.43333220147189555

Iteration 32
Mean Squared Error:  [457.02576169 434.35829072 548.77609375 532.26673469 452.63489387
 473.44213401 541.3046091  435.6482113  418.8326     307.14796875
 445.89821223 462.90234568 526.33193623 467.52290704 295.70550876
 566.09245012 465.040625   314.88532447 476.23293896 623.61165458
 572.59612386 442.96120701 636.06883227 466.03548672 481.87809568
 430.84433869 571.08465369 463.17702942 512.93694877 522.36067063]
Average Mean Squared Error:  478.18681958880853
Mean Squared Separation:  1535.2975481224657
Entropy per Cluster:  [ 0.05562237  0.10327508  0.76368495  1.34218292  0.63444715  0.21826394
  1.58321964  0.34350879 -0.         -0.          0.16864476  0.79389021
  0.16757953  0.32878206 -0.          0.1464019   0.45829355 -0.
  0.63501312  1.17475784  0.94325907  0.2089462   1.10949367 -0.
  0.12923738  0.76122387  0.23321319  0.22323022  0.14450614  0.3292885 ]
Average Entropy:  0.43333220147189555