[ 0.   0.   0.1  4.6 12.7  3.   0.1  0.1]
[ 0.   0.   1.1 11.3 10.9  1.7  1.1  0.2]
[ 0.   0.1  6.2 13.3  4.5  4.3  4.   0.3]
[ 0.   2.5 12.7  8.4  3.1 10.7  5.9  0. ]
[ 0.   7.5 15.1  8.8 10.4 14.9  5.   0. ]
[ 0.4  8.5 13.2 12.7 15.1 13.5  2.2  0. ]
[ 0.2  2.8  4.4  6.9 14.9  7.2  0.4  0. ]
[ 0.   0.1  0.2  5.4 13.2  3.2  0.   0. ]

[ 0.   0.   4.6 13.2 10.9  2.6  0.1  0. ]
[ 0.   1.2 13.  13.1 12.3 10.7  0.7  0. ]
[ 0.   3.9 14.4  4.6  3.  12.7  3.3  0. ]
[ 0.   5.3 12.8  1.6  0.3  9.2  6.6  0. ]
[ 0.   5.5 11.9  0.9  0.1  8.7  7.4  0. ]
[ 0.   3.3 13.6  1.7  1.4 11.4  6.5  0. ]
[ 0.   0.8 13.2 10.5 10.6 13.5  2.7  0. ]
[ 0.   0.   4.6 13.6 13.3  5.6  0.2  0. ]

[ 0.   0.   2.3 10.9  7.9  1.1  0.   0. ]
[ 0.   0.2  8.2 13.6  5.7  0.9  0.   0. ]
[ 0.   1.  12.6  8.8  0.7  0.1  0.   0. ]
[ 0.   2.2 13.8  7.1  2.8  1.2  0.1  0. ]
[ 0.   3.3 14.5 11.9 11.6  9.3  2.   0. ]
[ 0.   2.1 14.7 11.4  7.5 11.1  9.   0.2]
[ 0.   0.5 10.7 12.7  6.3 11.1 11.3  0.8]
[ 0.   0.   2.2 10.6 14.5 12.8  5.6  0.3]

[ 0.   0.4  7.4 13.6 14.2 12.   6.   0.9]
[ 0.   1.1  9.2 10.  10.4 13.4  7.6  0.7]
[ 0.   0.7  2.   1.   6.6 12.8  4.3  0.1]
[ 0.   0.6  3.6  7.1 12.9 12.3  3.8  0. ]
[ 0.   1.4  8.3 13.8 15.3 11.8  4.4  0. ]
[ 0.   0.8  4.  12.5 10.4  3.4  0.7  0. ]
[ 0.   0.2  5.3 13.7  4.8  0.3  0.   0. ]
[ 0.   0.4  8.8 11.4  1.7  0.3  0.   0. ]

[ 0.   0.7  8.4 14.  13.1  5.2  0.5  0. ]
[ 0.   3.9 12.8  9.9 12.  10.7  1.3  0. ]
[ 0.   1.5  3.7  4.4 11.6  9.6  0.8  0. ]
[ 0.   0.1  1.7  9.8 13.8  7.   0.6  0. ]
[ 0.   0.   1.4  6.5 11.7 12.3  2.8  0. ]
[ 0.   0.1  0.6  0.6  3.6 12.6  6.8  0. ]
[ 0.   0.9  7.4  6.5  8.2 13.6  6.2  0.1]
[ 0.   0.6  9.2 14.4 13.2  8.1  1.8  0.2]

[ 0.   0.   0.4  3.7 11.6 10.   1.3  0.1]
[ 0.   0.2  1.5  8.9 15.1 13.2  1.9  0. ]
[ 0.   1.1  5.9 13.1 15.2 11.9  1.1  0. ]
[ 0.   3.3 10.9 13.7 15.1 11.2  1.1  0. ]
[ 0.   2.8  7.8  9.5 14.9 11.   1.1  0. ]
[ 0.   0.5  2.2  6.3 14.4 11.3  0.9  0. ]
[ 0.   0.1  1.1  5.7 14.3 12.4  1.6  0. ]
[ 0.   0.   0.4  3.6 11.9 11.8  2.4  0. ]

[ 0.   0.3  6.  13.1 12.6  6.4  0.9  0. ]
[ 0.   2.3 12.1 13.1 11.9  9.9  1.7  0. ]
[ 0.   3.3 11.5  9.2  8.9  6.9  1.   0. ]
[ 0.   2.3 10.3 13.3 11.4  4.1  0.3  0. ]
[ 0.   0.8  8.  14.3 11.9  2.7  0.1  0. ]
[ 0.   0.6  7.9 10.6 12.   5.3  0.2  0. ]
[ 0.   0.9  9.5 11.3 11.8  7.   0.7  0. ]
[ 0.   0.3  6.5 13.3 11.3  4.5  0.5  0. ]

[ 0.   0.   1.5  9.2 11.3  7.9  4.1  0.5]
[ 0.   0.5  8.9 13.6  7.1  8.5  7.8  0.9]
[ 0.   2.6 13.5  7.7  4.4 11.3  7.5  0.3]
[ 0.   4.5 12.9  9.9 10.8 14.3  6.5  0. ]
[ 0.   2.3  7.8  9.1 11.5 13.5  3.3  0. ]
[ 0.   0.3  1.4  4.3 12.5  8.1  0.4  0. ]
[ 0.   0.   0.6  7.8 12.6  3.1  0.1  0. ]
[ 0.   0.   1.5 10.7  8.4  0.8  0.1  0. ]

[ 0.   0.2  6.9 13.2 12.5  6.6  1.4  0. ]
[ 0.   2.7 14.2 10.1  9.7  9.2  1.6  0. ]
[ 0.   4.6 14.   5.2  6.5  8.7  1.4  0. ]
[ 0.   3.  12.8 12.8 12.8 10.9  2.   0. ]
[ 0.   0.5  4.4  6.4  7.6 12.4  4.1  0. ]
[ 0.   0.2  2.3  1.2  1.8 11.8  6.1  0. ]
[ 0.   0.8  7.4  6.3  7.2 12.7  5.1  0.1]
[ 0.   0.2  7.2 13.9 13.2  7.9  1.6  0. ]

[ 0.   1.  10.6 13.9  6.6  0.8  0.   0. ]
[ 0.   5.  14.4 12.8 12.   3.1  0.   0. ]
[ 0.   4.6  8.4  4.9 11.6  4.3  0.1  0. ]
[ 0.   1.2  2.7  5.3 11.6  3.6  0.   0. ]
[ 0.   0.1  1.2  8.5 10.5  1.8  0.   0. ]
[ 0.   0.2  4.4 11.4  7.5  1.4  0.3  0. ]
[ 0.   1.4 11.8 14.7 12.2 11.   7.3  0.5]
[ 0.   1.  10.7 14.1 13.4 12.5  9.4  1.5]